0 0.2028985507246377 0.5801127214170693 0.2946859903381642 0.14009661835748793
0 0.07971014492753623 0.5837359098228664 0.15942028985507245 0.13285024154589373
5 0.9867149758454107 0.5797101449275363 0.0249597423510467 0.14090177133655393
0 0.4134460547504026 0.5245571658615137 0.0571658615136876 0.0499194847020934
0 0.4440418679549114 0.5152979066022544 0.03462157809983897 0.03140096618357488
1 0.4553140096618358 0.5032206119162641 0.029790660225442835 0.033011272141706925
0 0.5865539452495975 0.5148953301127214 0.09903381642512077 0.03864734299516908
0 0.571658615136876 0.5120772946859904 0.0853462157809984 0.029790660225442835
0 0.5438808373590982 0.5068438003220612 0.061996779388083734 0.02576489533011272
1 0.47020933977455714 0.499597423510467 0.01932367149758454 0.01932367149758454
1 0.3635265700483092 0.5322061191626409 0.11513687600644122 0.09742351046698873
5 0.8027375201288245 0.5185185185185185 0.06280193236714976 0.07004830917874397
