0 0.24677938808373592 0.5636070853462157 0.2069243156199678 0.1247987117552335
0 0.7206119162640902 0.5571658615136876 0.19162640901771336 0.12318840579710146
1 0.33373590982286633 0.5197262479871175 0.11996779388083736 0.0998389694041868
0 0.6336553945249598 0.5314009661835749 0.12238325281803543 0.0748792270531401
0 0.5982286634460547 0.5140901771336553 0.05475040257648953 0.04669887278582931
1 0.1960547504025765 0.49838969404186795 0.20048309178743962 0.071658615136876
0 0.6163446054750402 0.5032206119162641 0.06521739130434782 0.04428341384863124
1 0.5048309178743962 0.4939613526570048 0.02576489533011272 0.027375201288244767
1 0.6831723027375202 0.4883252818035427 0.11030595813204509 0.04186795491143317
0 0.41264090177133655 0.49879227053140096 0.029790660225442835 0.020933977455716585
