0 0.13446054750402575 0.5768921095008052 0.2689210950080515 0.14653784219001612
0 0.8401771336553945 0.5736714975845411 0.31803542673107893 0.1529790660225443
0 0.31561996779388085 0.5293880837359098 0.13043478260869565 0.09339774557165861
0 0.4210950080515298 0.5165056360708534 0.07568438003220612 0.05314009661835749
0 0.6658615136876006 0.5322061191626409 0.10789049919484701 0.07971014492753623
0 0.6320450885668277 0.5193236714975845 0.057971014492753624 0.05233494363929147
0 0.5394524959742351 0.5068438003220612 0.05636070853462158 0.0322061191626409
1 0.8103864734299517 0.4887278582930757 0.061996779388083734 0.03784219001610306
1 0.7564412238325282 0.48792270531400966 0.05394524959742351 0.033011272141706925
2 0.6674718196457327 0.4774557165861514 0.037037037037037035 0.03140096618357488
