0 0.5040257648953301 0.5116747181964574 0.0499194847020934 0.040257648953301126
0 0.321658615136876 0.5269726247987118 0.15217391304347827 0.06763285024154589
0 0.3719806763285024 0.5116747181964574 0.08373590982286634 0.04186795491143317
0 0.391304347826087 0.5064412238325282 0.0821256038647343 0.036231884057971016
0 0.4142512077294686 0.499597423510467 0.06682769726247988 0.02576489533011272
1 0.4428341384863124 0.4895330112721417 0.05636070853462158 0.029790660225442835
0 0.7673107890499195 0.5567632850241546 0.20933977455716588 0.1111111111111111
0 0.6594202898550725 0.5293880837359098 0.10628019323671498 0.06280193236714976
0 0.6179549114331723 0.5128824476650563 0.07809983896940419 0.05555555555555555
0 0.6674718196457327 0.5024154589371981 0.0853462157809984 0.033011272141706925
0 0.10144927536231885 0.53341384863124 0.2028985507246377 0.0821256038647343
0 0.21537842190016104 0.5161030595813204 0.11835748792270531 0.05394524959742351
0 0.5 0.5 0.028985507246376812 0.026570048309178744
0 0.26811594202898553 0.5112721417069244 0.07407407407407407 0.0426731078904992
1 0.7733494363929146 0.49798711755233493 0.1280193236714976 0.04830917874396135
0 0.04468599033816425 0.5140901771336553 0.0893719806763285 0.05636070853462158
