0 0.5096618357487923 0.5217391304347826 0.05475040257648953 0.05233494363929147
0 0.6992753623188406 0.5269726247987118 0.15217391304347827 0.07890499194847021
0 0.606682769726248 0.5128824476650563 0.07809983896940419 0.039452495974235106
0 0.5756843800322061 0.5088566827697263 0.06763285024154589 0.02818035426731079
0 0.1956521739130435 0.5430756843800322 0.15619967793880837 0.07890499194847021
0 0.38687600644122383 0.5120772946859904 0.04589371980676329 0.03140096618357488
0 0.4388083735909823 0.5048309178743962 0.028985507246376812 0.020128824476650563
0 0.23993558776167473 0.5233494363929146 0.09178743961352658 0.04106280193236715
0 0.2922705314009662 0.5136876006441223 0.057971014492753624 0.03784219001610306
0 0.47906602254428343 0.500402576489533 0.02254428341384863 0.01288244766505636
0 0.3522544283413849 0.5084541062801933 0.04428341384863124 0.024154589371980676
0 0.4102254428341385 0.5052334943639292 0.03784219001610306 0.01610305958132045
0 0.10668276972624799 0.5205314009661836 0.09903381642512077 0.04186795491143317
0 0.11714975845410629 0.5120772946859904 0.09420289855072464 0.02818035426731079
0 0.5318035426731079 0.49879227053140096 0.020128824476650563 0.01288244766505636
