0 0.49476650563607083 0.5080515297906603 0.036231884057971016 0.03462157809983897
0 0.8599033816425121 0.5632045088566827 0.2785829307568438 0.17391304347826086
0 0.7467793880837359 0.5414653784219001 0.177938808373591 0.10144927536231885
0 0.6799516908212561 0.5257648953301127 0.1537842190016103 0.06843800322061191
0 0.40660225442834136 0.5024154589371981 0.02576489533011272 0.016908212560386472
0 0.286231884057971 0.5253623188405797 0.0861513687600644 0.0499194847020934
0 0.5950080515297906 0.5072463768115942 0.09178743961352658 0.03784219001610306
0 0.5652173913043478 0.5032206119162641 0.06924315619967794 0.02818035426731079
1 0.5422705314009661 0.49597423510466987 0.05394524959742351 0.0249597423510467
0 0.3647342995169082 0.499597423510467 0.030595813204508857 0.01932367149758454
0 0.37962962962962965 0.499597423510467 0.0249597423510467 0.01610305958132045
0 0.3417874396135266 0.49879227053140096 0.020128824476650563 0.014492753623188406
