0 0.48711755233494364 0.5 0.01932367149758454 0.018518518518518517
0 0.42954911433172305 0.5092592592592593 0.039452495974235106 0.030595813204508857
0 0.678743961352657 0.5495169082125604 0.15780998389694043 0.10628019323671498
0 0.6078904991948471 0.5277777777777778 0.0998389694041868 0.07568438003220612
0 0.5776972624798712 0.5169082125603864 0.061996779388083734 0.0571658615136876
0 0.5475040257648953 0.5084541062801933 0.043478260869565216 0.033816425120772944
0 0.5245571658615137 0.501207729468599 0.023349436392914653 0.020933977455716585
0 0.537842190016103 0.5052334943639292 0.033816425120772944 0.028985507246376812
0 0.34098228663446056 0.5056360708534622 0.05233494363929147 0.018518518518518517
0 0.2741545893719807 0.5056360708534622 0.05877616747181964 0.020128824476650563
