0 0.9331723027375202 0.5821256038647343 0.1320450885668277 0.1360708534621578
0 0.8715780998389694 0.5543478260869565 0.25523349436392917 0.19162640901771336
1 0.44887278582930756 0.5040257648953301 0.04428341384863124 0.04911433172302738
1 0.7729468599033816 0.48993558776167473 0.20450885668276972 0.07729468599033816
0 0.2894524959742351 0.5144927536231884 0.06682769726247988 0.03784219001610306
0 0.214170692431562 0.5084541062801933 0.08373590982286634 0.05152979066022544
0 0.38405797101449274 0.500402576489533 0.03542673107890499 0.027375201288244767
0 0.5885668276972624 0.5044283413848631 0.06280193236714976 0.03542673107890499
0 0.4750402576489533 0.4923510466988728 0.027375201288244767 0.024154589371980676
1 0.5056360708534622 0.48429951690821255 0.028985507246376812 0.030595813204508857
0 0.6328502415458938 0.501207729468599 0.06602254428341385 0.037037037037037035
1 0.9500805152979066 0.4834943639291465 0.09822866344605476 0.05636070853462158
2 0.47020933977455714 0.48027375201288247 0.028985507246376812 0.043478260869565216
0 0.08413848631239935 0.5197262479871175 0.10869565217391304 0.040257648953301126
0 0.01288244766505636 0.5201288244766505 0.02576489533011272 0.033011272141706925
