0 0.7681159420289855 0.57085346215781 0.27375201288244766 0.15861513687600645
0 0.055152979066022546 0.5772946859903382 0.11030595813204509 0.1457326892109501
0 0.10950080515297907 0.5579710144927537 0.21900161030595813 0.12962962962962962
0 0.11674718196457327 0.5366344605475041 0.23349436392914655 0.11916264090177134
0 0.1823671497584541 0.533011272141707 0.1859903381642512 0.07004830917874397
0 0.2745571658615137 0.5273752012882448 0.15136876006441224 0.0571658615136876
0 0.30998389694041867 0.5213365539452496 0.13365539452495975 0.05314009661835749
0 0.32085346215780997 0.5181159420289855 0.10225442834138486 0.0499194847020934
0 0.3333333333333333 0.5116747181964574 0.12238325281803543 0.04508856682769726
0 0.35990338164251207 0.5084541062801933 0.0853462157809984 0.033816425120772944
0 0.38727858293075684 0.5028180354267311 0.07246376811594203 0.033816425120772944
5 0.46497584541062803 0.5 0.007246376811594203 0.016908212560386472
0 0.572866344605475 0.5189210950080515 0.05555555555555555 0.043478260869565216
0 0.6376811594202898 0.5068438003220612 0.09822866344605476 0.040257648953301126
0 0.5801127214170693 0.500402576489533 0.05877616747181964 0.02576489533011272
0 0.5201288244766505 0.500805152979066 0.020933977455716585 0.015297906602254429
