0 0.6674718196457327 0.533011272141707 0.12238325281803543 0.07648953301127215
0 0.5152979066022544 0.49798711755233493 0.057971014492753624 0.020933977455716585
5 0.7073268921095008 0.5076489533011272 0.05394524959742351 0.04186795491143317
0 0.6690821256038647 0.49315619967793883 0.05636070853462158 0.020933977455716585
0 0.8115942028985508 0.49074074074074076 0.07407407407407407 0.020933977455716585
1 0.9694041867954911 0.48792270531400966 0.05958132045088567 0.026570048309178744
0 0.3321256038647343 0.5028180354267311 0.050724637681159424 0.020933977455716585
0 0.2214170692431562 0.5044283413848631 0.04508856682769726 0.01932367149758454
0 0.4830917874396135 0.49597423510466987 0.017713365539452495 0.012077294685990338
0 0.4557165861513688 0.49597423510466987 0.020933977455716585 0.012077294685990338
