0 0.5060386473429952 0.5261674718196457 0.06360708534621579 0.05314009661835749
0 0.1960547504025765 0.5197262479871175 0.09420289855072464 0.04508856682769726
5 0.7677133655394525 0.5257648953301127 0.10547504025764895 0.0748792270531401
1 0.5817230273752013 0.5068438003220612 0.06521739130434782 0.06280193236714976
1 0.28784219001610306 0.5064412238325282 0.05233494363929147 0.033011272141706925
0 0.3719806763285024 0.5144927536231884 0.0853462157809984 0.04106280193236715
0 0.3973429951690821 0.5116747181964574 0.07809983896940419 0.028985507246376812
0 0.4190821256038647 0.5068438003220612 0.0571658615136876 0.024154589371980676
0 0.4396135265700483 0.5020128824476651 0.04186795491143317 0.01610305958132045
0 0.4834943639291465 0.5100644122383253 0.03462157809983897 0.0322061191626409
0 0.2886473429951691 0.5036231884057971 0.04750402576489533 0.020933977455716585
