0 0.4798549556809025 0.5052377115229654 0.029814665592264304 0.0265914585012087
0 0.07977437550362611 0.5825946817082998 0.15954875100725222 0.1361804995970991
0 0.23972602739726026 0.5261885576148267 0.10394842868654311 0.052377115229653506
0 0.35213537469782435 0.5346494762288477 0.1031426269137792 0.06607574536663981
0 0.3182917002417405 0.5141015310233682 0.05962933118452861 0.0346494762288477
0 0.39484286865431106 0.5116841257050766 0.045124899274778404 0.029814665592264304
1 0.4266720386784851 0.4951651893634166 0.033037872683319904 0.037066881547139406
0 0.0499597099113618 0.532634971796938 0.0999194198227236 0.0652699435938759
0 0.20507655116841256 0.5165189363416599 0.0781627719580983 0.0346494762288477
0 0.2618855761482675 0.508058017727639 0.05801772763900081 0.030620467365028204
