0 0.18156199677938809 0.5809178743961353 0.2713365539452496 0.13848631239935588
0 0.04790660225442834 0.5841384863123994 0.09581320450885668 0.1320450885668277
0 0.7290660225442834 0.5205314009661836 0.1473429951690821 0.07890499194847021
0 0.33454106280193235 0.535426731078905 0.11191626409017713 0.0748792270531401
0 0.3973429951690821 0.5217391304347826 0.061996779388083734 0.04589371980676329
0 0.4166666666666667 0.5173107890499195 0.050724637681159424 0.037037037037037035
0 0.5575684380032206 0.5120772946859904 0.04589371980676329 0.039452495974235106
0 0.7125603864734299 0.5072463768115942 0.1610305958132045 0.05233494363929147
0 0.573268921095008 0.5100644122383253 0.05314009661835749 0.0322061191626409
0 0.6034621578099839 0.5048309178743962 0.05394524959742351 0.029790660225442835
