0 0.48993558776167473 0.5104669887278583 0.04428341384863124 0.036231884057971016
0 0.06602254428341385 0.5756843800322061 0.1320450885668277 0.14895330112721417
0 0.30515297906602257 0.5193236714975845 0.14814814814814814 0.07648953301127215
0 0.3389694041867955 0.5124798711755234 0.10466988727858294 0.0644122383252818
0 0.3715780998389694 0.5092592592592593 0.07971014492753623 0.03542673107890499
0 0.394122383252818 0.5028180354267311 0.0748792270531401 0.03864734299516908
1 0.5503220611916264 0.4915458937198068 0.050724637681159424 0.04669887278582931
0 0.4830917874396135 0.500805152979066 0.027375201288244767 0.0249597423510467
1 0.15056360708534622 0.5475040257648953 0.30112721417069244 0.18276972624798712
2 0.09098228663446055 0.49033816425120774 0.1819645732689211 0.09581320450885668
