0 0.4834943639291465 0.5124798711755234 0.04589371980676329 0.037037037037037035
0 0.14049919484702095 0.5809178743961353 0.2809983896940419 0.13848631239935588
0 0.26247987117552335 0.5748792270531401 0.21900161030595813 0.1392914653784219
0 0.14492753623188406 0.5583735909822867 0.17552334943639292 0.10144927536231885
0 0.21256038647342995 0.5366344605475041 0.14009661835748793 0.07246376811594203
0 0.31280193236714976 0.5173107890499195 0.09742351046698873 0.043478260869565216
0 0.33494363929146537 0.5116747181964574 0.09017713365539452 0.04186795491143317
0 0.3671497584541063 0.5076489533011272 0.0644122383252818 0.027375201288244767
0 0.4388083735909823 0.5072463768115942 0.037037037037037035 0.026570048309178744
0 0.3969404186795491 0.500805152979066 0.05958132045088567 0.023349436392914653
0 0.8534621578099839 0.5752818035426731 0.2914653784219002 0.1497584541062802
0 0.5591787439613527 0.5140901771336553 0.05394524959742351 0.040257648953301126
2 0.5491143317230274 0.4851046698872786 0.05958132045088567 0.06924315619967794
0 0.08856682769726248 0.5189210950080515 0.11916264090177134 0.040257648953301126
0 0.48792270531400966 0.5036231884057971 0.028985507246376812 0.02576489533011272
0 0.24919484702093397 0.5044283413848631 0.04911433172302738 0.024154589371980676
