0 0.49557165861513686 0.5076489533011272 0.039452495974235106 0.037037037037037035
0 0.9774557165861514 0.5789049919484702 0.043478260869565216 0.14251207729468598
0 0.3385668276972625 0.5140901771336553 0.05555555555555555 0.0322061191626409
0 0.6666666666666666 0.5189210950080515 0.14492753623188406 0.06763285024154589
0 0.6010466988727858 0.5104669887278583 0.10064412238325282 0.0426731078904992
0 0.5845410628019324 0.5020128824476651 0.07085346215780998 0.033816425120772944
1 0.5583735909822867 0.4971819645732689 0.06843800322061191 0.0322061191626409
0 0.5466988727858293 0.49879227053140096 0.05314009661835749 0.020933977455716585
0 0.33695652173913043 0.5024154589371981 0.04106280193236715 0.0249597423510467
1 0.44363929146537845 0.4891304347826087 0.024154589371980676 0.02254428341384863
0 0.35829307568438 0.5 0.0322061191626409 0.020128824476650563
0 0.40499194847020936 0.4971819645732689 0.020933977455716585 0.01288244766505636
0 0.31239935587761675 0.500402576489533 0.02576489533011272 0.017713365539452495
0 0.1247987117552335 0.5024154589371981 0.0322061191626409 0.020128824476650563
