0 0.9315619967793881 0.5193236714975845 0.13526570048309178 0.10225442834138486
0 0.03140096618357488 0.5764895330112721 0.06280193236714976 0.1473429951690821
0 0.08011272141706924 0.5599838969404187 0.16022544283413848 0.12721417069243157
0 0.13486312399355876 0.533816425120773 0.26972624798711753 0.11352657004830918
0 0.27093397745571657 0.5157004830917874 0.16666666666666666 0.06602254428341385
0 0.29589371980676327 0.5157004830917874 0.15056360708534622 0.04830917874396135
0 0.18760064412238325 0.5265700483091788 0.2222222222222222 0.07326892109500806
0 0.4025764895330113 0.501610305958132 0.07890499194847021 0.0249597423510467
0 0.8655394524959742 0.5044283413848631 0.12399355877616747 0.05152979066022544
0 0.5805152979066023 0.5044283413848631 0.0853462157809984 0.030595813204508857
