0 0.8353462157809984 0.5776972624798712 0.3276972624798712 0.14492753623188406
0 0.12077294685990338 0.5462962962962963 0.24154589371980675 0.0966183574879227
0 0.23752012882447665 0.5245571658615137 0.16586151368760063 0.061191626409017714
0 0.285426731078905 0.5221417069243156 0.16022544283413848 0.05475040257648953
0 0.3007246376811594 0.5165056360708534 0.1360708534621578 0.04830917874396135
0 0.6739130434782609 0.5426731078904992 0.14492753623188406 0.10225442834138486
0 0.572866344605475 0.5144927536231884 0.050724637681159424 0.036231884057971016
0 0.3474235104669887 0.5157004830917874 0.09903381642512077 0.04186795491143317
1 0.3603059581320451 0.5084541062801933 0.08454106280193237 0.04186795491143317
1 0.5301932367149759 0.4939613526570048 0.026570048309178744 0.027375201288244767
0 0.41827697262479874 0.5 0.05394524959742351 0.018518518518518517
0 0.4303542673107891 0.4971819645732689 0.04911433172302738 0.020933977455716585
1 0.5193236714975845 0.49074074074074076 0.01932367149758454 0.02254428341384863
