5 0.1143317230273752 0.5660225442834138 0.1706924315619968 0.1682769726247987
0 0.8357487922705314 0.5664251207729468 0.32689210950080516 0.16747181964573268
0 0.6610305958132046 0.534219001610306 0.1529790660225443 0.12238325281803543
0 0.6014492753623188 0.5120772946859904 0.09500805152979067 0.07971014492753623
0 0.5736714975845411 0.5104669887278583 0.05555555555555555 0.04911433172302738
0 0.4388083735909823 0.49557165861513686 0.024154589371980676 0.024154589371980676
0 0.3715780998389694 0.5112721417069244 0.05394524959742351 0.03784219001610306
0 0.10990338164251208 0.5789049919484702 0.21980676328502416 0.14251207729468598
0 0.23953301127214172 0.5450885668276972 0.16183574879227053 0.09259259259259259
0 0.3176328502415459 0.5213365539452496 0.09259259259259259 0.061191626409017714
