0 0.21739130434782608 0.5507246376811594 0.15780998389694043 0.08776167471819646
0 0.3003220611916264 0.5322061191626409 0.09339774557165861 0.05394524959742351
0 0.3425925925925926 0.5225442834138486 0.06038647342995169 0.04106280193236715
0 0.3719806763285024 0.5161030595813204 0.0499194847020934 0.03140096618357488
0 0.7077294685990339 0.4927536231884058 0.10789049919484701 0.04106280193236715
0 0.6863929146537843 0.49074074074074076 0.071658615136876 0.03864734299516908
0 0.6654589371980676 0.49355877616747185 0.07809983896940419 0.03462157809983897
0 0.9859098228663447 0.47020933977455714 0.026570048309178744 0.03784219001610306
0 0.962157809983897 0.47101449275362317 0.07407407407407407 0.03784219001610306
0 0.9452495974235104 0.47302737520128824 0.10789049919484701 0.0322061191626409
0 0.9214975845410628 0.4754428341384863 0.11352657004830918 0.030595813204508857
0 0.40136876006441224 0.5112721417069244 0.03784219001610306 0.0249597423510467
0 0.5555555555555556 0.5048309178743962 0.03864734299516908 0.029790660225442835
