0 0.8466183574879227 0.5233494363929146 0.30515297906602257 0.14090177133655393
0 0.9762479871175523 0.4810789049919485 0.04589371980676329 0.037037037037037035
0 0.32004830917874394 0.5193236714975845 0.08293075684380032 0.05877616747181964
0 0.3864734299516908 0.5205314009661836 0.0966183574879227 0.06924315619967794
0 0.715378421900161 0.4863123993558776 0.11835748792270531 0.04428341384863124
0 0.8071658615136876 0.48027375201288247 0.05877616747181964 0.030595813204508857
1 0.9086151368760065 0.47342995169082125 0.071658615136876 0.036231884057971016
0 0.8417874396135265 0.4786634460547504 0.06682769726247988 0.027375201288244767
0 0.35990338164251207 0.5132850241545893 0.0644122383252818 0.04186795491143317
0 0.5471014492753623 0.49557165861513686 0.036231884057971016 0.02576489533011272
0 0.49516908212560384 0.4971819645732689 0.02576489533011272 0.020933977455716585
0 0.46215780998389694 0.4883252818035427 0.027375201288244767 0.01288244766505636
