0 0.48389694041867953 0.5 0.01932367149758454 0.018518518518518517
0 0.37077294685990336 0.5309983896940419 0.0893719806763285 0.0644122383252818
0 0.8840579710144928 0.5768921095008052 0.23027375201288244 0.14653784219001612
0 0.7556360708534622 0.5700483091787439 0.285829307568438 0.16022544283413848
0 0.6364734299516909 0.538244766505636 0.11674718196457327 0.10305958132045089
0 0.5660225442834138 0.5161030595813204 0.06280193236714976 0.04750402576489533
0 0.5289855072463768 0.5048309178743962 0.028985507246376812 0.0249597423510467
0 0.5495169082125604 0.5100644122383253 0.04589371980676329 0.03864734299516908
0 0.3107890499194847 0.5096618357487923 0.06280193236714976 0.023349436392914653
0 0.23107890499194847 0.5108695652173914 0.07085346215780998 0.024154589371980676
0 0.5148953301127214 0.5 0.020128824476650563 0.016908212560386472
