0 0.2214170692431562 0.49315619967793883 0.05475040257648953 0.04186795491143317
0 0.2636876006441224 0.4963768115942029 0.05394524959742351 0.030595813204508857
0 0.3176328502415459 0.4939613526570048 0.061996779388083734 0.02576489533011272
1 0.4561191626409018 0.49033816425120774 0.0571658615136876 0.03140096618357488
0 0.47946859903381644 0.49074074074074076 0.0426731078904992 0.020933977455716585
0 0.5152979066022544 0.4895330112721417 0.04508856682769726 0.021739130434782608
0 0.5422705314009661 0.49114331723027377 0.04911433172302738 0.016908212560386472
0 0.5656199677938808 0.4919484702093398 0.036231884057971016 0.016908212560386472
0 0.5857487922705314 0.4915458937198068 0.04106280193236715 0.01610305958132045
0 0.606280193236715 0.48993558776167473 0.04669887278582931 0.01610305958132045
1 0.6396940418679549 0.4867149758454106 0.04750402576489533 0.02254428341384863
0 0.6590177133655395 0.48792270531400966 0.0426731078904992 0.015297906602254429
0 0.6739130434782609 0.48711755233494364 0.037037037037037035 0.013687600644122383
