0 0.16948470209339775 0.573268921095008 0.3389694041867955 0.1537842190016103
0 0.8812399355877617 0.5764895330112721 0.2359098228663446 0.1473429951690821
0 0.6964573268921095 0.5764895330112721 0.21739130434782608 0.1473429951690821
0 0.3196457326892109 0.5595813204508857 0.14492753623188406 0.11835748792270531
0 0.3752012882447665 0.534219001610306 0.09017713365539452 0.06763285024154589
0 0.6002415458937198 0.5309983896940419 0.09742351046698873 0.07246376811594203
0 0.5599838969404187 0.5213365539452496 0.06360708534621579 0.0499194847020934
0 0.4331723027375201 0.5120772946859904 0.040257648953301126 0.033011272141706925
0 0.45088566827697263 0.5044283413848631 0.033816425120772944 0.033816425120772944
0 0.4665861513687601 0.5036231884057971 0.029790660225442835 0.027375201288244767
