0 0.13123993558776167 0.5684380032206119 0.21900161030595813 0.11513687600644122
0 0.3538647342995169 0.5370370370370371 0.09581320450885668 0.07004830917874397
0 0.2459742351046699 0.5430756843800322 0.1280193236714976 0.07407407407407407
5 0.6763285024154589 0.5322061191626409 0.09339774557165861 0.07971014492753623
0 0.9460547504025765 0.5124798711755234 0.10628019323671498 0.0821256038647343
5 0.7073268921095008 0.538244766505636 0.10386473429951691 0.09339774557165861
0 0.42028985507246375 0.5128824476650563 0.040257648953301126 0.03462157809983897
0 0.4492753623188406 0.5028180354267311 0.01610305958132045 0.014492753623188406
0 0.5458937198067633 0.5068438003220612 0.07407407407407407 0.028985507246376812
0 0.5185185185185185 0.5020128824476651 0.05152979066022544 0.020933977455716585
1 0.3961352657004831 0.5165056360708534 0.0644122383252818 0.057971014492753624
