0 0.4806763285024155 0.5132850241545893 0.04669887278582931 0.037037037037037035
0 0.1610305958132045 0.5793075684380032 0.322061191626409 0.14170692431561996
0 0.3007246376811594 0.5595813204508857 0.1682769726247987 0.11191626409017713
0 0.18518518518518517 0.5471014492753623 0.15619967793880837 0.0853462157809984
0 0.2391304347826087 0.5305958132045089 0.1288244766505636 0.06360708534621579
0 0.32045088566827695 0.5157004830917874 0.09178743961352658 0.040257648953301126
0 0.3413848631239936 0.5108695652173914 0.0853462157809984 0.03864734299516908
0 0.3695652173913043 0.5072463768115942 0.061191626409017714 0.026570048309178744
0 0.43800322061191627 0.5068438003220612 0.03542673107890499 0.02576489533011272
0 0.3969404186795491 0.500805152979066 0.057971014492753624 0.021739130434782608
0 0.8289049919484702 0.5736714975845411 0.34057971014492755 0.1529790660225443
0 0.5507246376811594 0.5116747181964574 0.0499194847020934 0.037037037037037035
2 0.5426731078904992 0.48429951690821255 0.05636070853462158 0.06602254428341385
0 0.1111111111111111 0.5169082125603864 0.10789049919484701 0.03784219001610306
0 0.4851046698872786 0.5040257648953301 0.029790660225442835 0.026570048309178744
0 0.25644122383252815 0.5032206119162641 0.04589371980676329 0.023349436392914653
