0 0.5056360708534622 0.5197262479871175 0.05314009661835749 0.0499194847020934
0 0.7701288244766505 0.5426731078904992 0.19243156199677938 0.11674718196457327
0 0.6207729468599034 0.5161030595813204 0.09017713365539452 0.04750402576489533
0 0.5829307568438004 0.5100644122383253 0.07568438003220612 0.0322061191626409
0 0.322463768115942 0.5205314009661836 0.07648953301127215 0.04830917874396135
0 0.40942028985507245 0.5072463768115942 0.039452495974235106 0.026570048309178744
0 0.19122383252818034 0.5277777777777778 0.11835748792270531 0.0499194847020934
0 0.2604669887278583 0.5152979066022544 0.07004830917874397 0.0426731078904992
0 0.4605475040257649 0.501610305958132 0.027375201288244767 0.015297906602254429
0 0.33695652173913043 0.5084541062801933 0.04911433172302738 0.02576489533011272
0 0.3993558776167472 0.5052334943639292 0.040257648953301126 0.017713365539452495
0 0.04669887278582931 0.5257648953301127 0.09339774557165861 0.050724637681159424
0 0.06521739130434782 0.5136876006441223 0.11272141706924316 0.033011272141706925
0 0.5414653784219001 0.4967793880837359 0.020128824476650563 0.012077294685990338
