0 0.8611111111111112 0.5817230273752013 0.27616747181964574 0.13687600644122383
0 0.06964573268921095 0.5776972624798712 0.1392914653784219 0.14492753623188406
0 0.10950080515297907 0.5547504025764896 0.21900161030595813 0.10547504025764895
0 0.15821256038647344 0.537842190016103 0.2246376811594203 0.0893719806763285
0 0.6187600644122383 0.5322061191626409 0.11835748792270531 0.0748792270531401
0 0.29307568438003223 0.5245571658615137 0.15942028985507245 0.05314009661835749
0 0.5676328502415459 0.5116747181964574 0.05636070853462158 0.03542673107890499
0 0.30394524959742353 0.5173107890499195 0.11996779388083736 0.04830917874396135
0 0.32367149758454106 0.5092592592592593 0.0966183574879227 0.04669887278582931
0 0.534621578099839 0.49838969404186795 0.028985507246376812 0.0249597423510467
