0 0.5024154589371981 0.5362318840579711 0.061191626409017714 0.05394524959742351
0 0.12761674718196458 0.535426731078905 0.12962962962962962 0.05877616747181964
5 0.8900966183574879 0.5587761674718197 0.16183574879227053 0.11352657004830918
1 0.606682769726248 0.5193236714975845 0.0861513687600644 0.07971014492753623
1 0.24436392914653784 0.5201288244766505 0.07326892109500806 0.04106280193236715
0 0.34903381642512077 0.5281803542673108 0.10225442834138486 0.05233494363929147
0 0.3647342995169082 0.5277777777777778 0.09500805152979067 0.040257648953301126
0 0.3864734299516908 0.5241545893719807 0.08856682769726248 0.03462157809983897
0 0.4146537842190016 0.5193236714975845 0.061191626409017714 0.02818035426731079
0 0.4359903381642512 0.5128824476650563 0.04589371980676329 0.018518518518518517
0 0.5672302737520128 0.5229468599033816 0.04428341384863124 0.0322061191626409
0 0.4863123993558776 0.5197262479871175 0.033816425120772944 0.0322061191626409
0 0.2677133655394525 0.5144927536231884 0.05394524959742351 0.0249597423510467
