0 0.9472624798711755 0.5507246376811594 0.10386473429951691 0.19887278582930756
0 0.8236714975845411 0.5700483091787439 0.35104669887278583 0.16022544283413848
0 0.5817230273752013 0.5273752012882448 0.10064412238325282 0.06521739130434782
5 0.3462157809983897 0.5201288244766505 0.027375201288244767 0.05877616747181964
0 0.29347826086956524 0.5297906602254429 0.07971014492753623 0.05233494363929147
0 0.5233494363929146 0.5104669887278583 0.06602254428341385 0.04911433172302738
0 0.46980676328502413 0.5076489533011272 0.03784219001610306 0.027375201288244767
0 0.34782608695652173 0.5080515297906603 0.028985507246376812 0.021739130434782608
0 0.44565217391304346 0.5036231884057971 0.026570048309178744 0.020933977455716585
5 0.37278582930756843 0.5152979066022544 0.02576489533011272 0.050724637681159424
