0 0.4830917874396135 0.499194847020934 0.01932367149758454 0.018518518518518517
0 0.4037842190016103 0.5177133655394525 0.05877616747181964 0.04428341384863124
0 0.8272946859903382 0.5740740740740741 0.3438003220611916 0.15217391304347827
0 0.6594202898550725 0.5462962962962963 0.1610305958132045 0.1143317230273752
0 0.6018518518518519 0.5249597423510467 0.08454106280193237 0.07648953301127215
0 0.5551529790660226 0.5116747181964574 0.05233494363929147 0.040257648953301126
0 0.5253623188405797 0.5032206119162641 0.026570048309178744 0.023349436392914653
0 0.5410628019323671 0.5076489533011272 0.040257648953301126 0.033816425120772944
0 0.32286634460547503 0.5060386473429952 0.057971014492753624 0.020933977455716585
0 0.24838969404186795 0.5068438003220612 0.06521739130434782 0.02254428341384863
0 0.5132850241545893 0.49838969404186795 0.018518518518518517 0.015297906602254429
