0 0.751207729468599 0.5700483091787439 0.2785829307568438 0.16022544283413848
0 0.038244766505636074 0.5648148148148148 0.07648953301127215 0.10305958132045089
0 0.6243961352657005 0.5249597423510467 0.10547504025764895 0.07809983896940419
0 0.2995169082125604 0.5406602254428341 0.11755233494363929 0.07407407407407407
0 0.35668276972624796 0.5197262479871175 0.07407407407407407 0.057971014492753624
0 0.5684380032206119 0.5112721417069244 0.057971014492753624 0.04428341384863124
0 0.392512077294686 0.5152979066022544 0.05233494363929147 0.0426731078904992
0 0.5575684380032206 0.5080515297906603 0.050724637681159424 0.033011272141706925
1 0.5422705314009661 0.4919484702093398 0.04911433172302738 0.050724637681159424
0 0.5140901771336553 0.500805152979066 0.020128824476650563 0.015297906602254429
0 0.4363929146537842 0.5032206119162641 0.020933977455716585 0.013687600644122383
