1 0.35990338164251207 0.501610305958132 0.028985507246376812 0.03140096618357488
5 0.428743961352657 0.5293880837359098 0.04589371980676329 0.08051529790660225
0 0.7246376811594203 0.570450885668277 0.17713365539452497 0.15458937198067632
0 0.5644122383252818 0.537842190016103 0.14170692431561996 0.08776167471819646
0 0.15780998389694043 0.5458937198067633 0.143317230273752 0.08132045088566828
1 0.21739130434782608 0.5285829307568438 0.08856682769726248 0.0644122383252818
0 0.4806763285024155 0.5177133655394525 0.07568438003220612 0.05555555555555555
0 0.4524959742351047 0.5140901771336553 0.061191626409017714 0.04186795491143317
0 0.2471819645732689 0.5233494363929146 0.05152979066022544 0.04106280193236715
0 0.4247181964573269 0.5104669887278583 0.04106280193236715 0.029790660225442835
