0 0.49074074074074076 0.5020128824476651 0.020128824476650563 0.01932367149758454
0 0.13808373590982287 0.5865539452495975 0.27616747181964574 0.12721417069243157
0 0.961755233494364 0.5736714975845411 0.0748792270531401 0.1529790660225443
0 0.8446054750402576 0.5672302737520128 0.30917874396135264 0.16586151368760063
0 0.6115136876006442 0.5297906602254429 0.10225442834138486 0.071658615136876
0 0.5458937198067633 0.5088566827697263 0.03864734299516908 0.03140096618357488
0 0.5776972624798712 0.5181159420289855 0.06521739130434782 0.05314009661835749
0 0.285829307568438 0.5157004830917874 0.07568438003220612 0.027375201288244767
0 0.1892109500805153 0.5197262479871175 0.0853462157809984 0.028985507246376812
0 0.08816425120772947 0.5237520128824477 0.0748792270531401 0.027375201288244767
0 0.5273752012882448 0.5020128824476651 0.02254428341384863 0.01932367149758454
