0 0.9879227053140096 0.5603864734299517 0.02254428341384863 0.17954911433172302
0 0.04710144927536232 0.5913848631239935 0.09420289855072464 0.11755233494363929
0 0.6195652173913043 0.535024154589372 0.11835748792270531 0.07890499194847021
0 0.3506441223832528 0.5289855072463768 0.0748792270531401 0.04911433172302738
0 0.5511272141706924 0.5157004830917874 0.050724637681159424 0.040257648953301126
0 0.3884863123993559 0.5144927536231884 0.05233494363929147 0.03784219001610306
0 0.4138486312399356 0.5080515297906603 0.028985507246376812 0.023349436392914653
5 0.45974235104669886 0.501207729468599 0.00644122383252818 0.014492753623188406
5 0.46578099838969406 0.500402576489533 0.005636070853462158 0.014492753623188406
0 0.5229468599033816 0.5056360708534622 0.029790660225442835 0.0249597423510467
