0 0.749194847020934 0.572061191626409 0.22302737520128824 0.13848631239935588
0 0.1537842190016103 0.538244766505636 0.2560386473429952 0.08051529790660225
0 0.27053140096618356 0.5209339774557166 0.143317230273752 0.05394524959742351
0 0.30877616747181963 0.5185185185185185 0.14251207729468598 0.04911433172302738
0 0.321256038647343 0.5140901771336553 0.12238325281803543 0.043478260869565216
0 0.6489533011272142 0.534219001610306 0.11594202898550725 0.0853462157809984
0 0.5700483091787439 0.5128824476650563 0.04669887278582931 0.033011272141706925
0 0.36191626409017713 0.5136876006441223 0.09098228663446055 0.03784219001610306
1 0.37399355877616747 0.5080515297906603 0.07809983896940419 0.039452495974235106
1 0.5318035426731079 0.4943639291465378 0.0249597423510467 0.026570048309178744
0 0.4247181964573269 0.500402576489533 0.05233494363929147 0.017713365539452495
