0 0.47703464947622887 0.5028203062046737 0.030620467365028204 0.028203062046736505
0 0.0427074939564867 0.5455278001611603 0.0854149879129734 0.10556003223207092
0 0.21716357775987108 0.5519742143432715 0.19580983078162773 0.10072522159548751
0 0.20789685737308622 0.5245769540692989 0.11764705882352941 0.052377115229653506
0 0.3533440773569702 0.5197421434327155 0.0717163577759871 0.0443190975020145
0 0.29814665592264306 0.5104754230459307 0.05801772763900081 0.032232070910556
0 0.37550362610797744 0.5088638195004029 0.0499597099113618 0.03384367445608381
1 0.41941982272361 0.49476228847703463 0.0362610797743755 0.0362610797743755
1 0.443593875906527 0.4927477840451249 0.016921837228041903 0.019339242546333603
0 0.10918614020950847 0.5205479452054794 0.12812248186946013 0.055600322320709106
