1 0.4613526570048309 0.4963768115942029 0.02576489533011272 0.028985507246376812
5 0.4782608695652174 0.5249597423510467 0.040257648953301126 0.08132045088566828
0 0.9086151368760065 0.5785024154589372 0.18115942028985507 0.143317230273752
0 0.06038647342995169 0.5813204508856683 0.12077294685990338 0.13768115942028986
1 0.15539452495974235 0.5559581320450886 0.23027375201288244 0.1288244766505636
0 0.6831723027375202 0.5519323671497585 0.20209339774557167 0.13687600644122383
0 0.5889694041867954 0.5269726247987118 0.11352657004830918 0.07568438003220612
0 0.26610305958132047 0.535024154589372 0.10547504025764895 0.06602254428341385
0 0.3111916264090177 0.5205314009661836 0.06521739130434782 0.04508856682769726
0 0.5418679549114331 0.5169082125603864 0.06280193236714976 0.04589371980676329
