0 0.8699677938808373 0.5841384863123994 0.2584541062801932 0.1320450885668277
0 0.0998389694041868 0.5938003220611916 0.1996779388083736 0.11272141706924316
0 0.20893719806763286 0.5789049919484702 0.21014492753623187 0.13446054750402575
0 0.32004830917874394 0.5438808373590982 0.11996779388083736 0.07568438003220612
0 0.7379227053140096 0.5692431561996779 0.2536231884057971 0.14412238325281804
0 0.6276167471819646 0.5289855072463768 0.10064412238325282 0.071658615136876
0 0.8462157809983897 0.49798711755233493 0.14170692431561996 0.05958132045088567
0 0.535024154589372 0.5056360708534622 0.03784219001610306 0.026570048309178744
0 0.4891304347826087 0.5036231884057971 0.029790660225442835 0.017713365539452495
0 0.4605475040257649 0.500402576489533 0.033816425120772944 0.014492753623188406
5 0.4029790660225443 0.501610305958132 0.012077294685990338 0.018518518518518517
