0 0.7564412238325282 0.5801127214170693 0.24879227053140096 0.14009661835748793
1 0.0889694041867955 0.5611916264090178 0.177938808373591 0.1570048309178744
0 0.17673107890499196 0.5370370370370371 0.2037037037037037 0.08776167471819646
0 0.7475845410628019 0.532608695652174 0.1859903381642512 0.057971014492753624
0 0.7081320450885669 0.5241545893719807 0.1360708534621578 0.05877616747181964
0 0.6364734299516909 0.5116747181964574 0.11352657004830918 0.043478260869565216
0 0.3003220611916264 0.5092592592592593 0.12721417069243157 0.0644122383252818
1 0.533816425120773 0.500402576489533 0.04186795491143317 0.043478260869565216
0 0.35829307568438 0.5104669887278583 0.08856682769726248 0.029790660225442835
0 0.3856682769726248 0.5060386473429952 0.07407407407407407 0.030595813204508857
1 0.5161030595813204 0.4967793880837359 0.02576489533011272 0.03140096618357488
1 0.4311594202898551 0.49597423510466987 0.04750402576489533 0.023349436392914653
