0 0.6027397260273972 0.5294117647058824 0.08380338436744561 0.058823529411764705
0 0.12288477034649477 0.58058017727639 0.24576954069298954 0.14020950846091862
0 0.34649476228847703 0.5290088638195004 0.09669621273166801 0.06768734891216761
0 0.5362610797743755 0.5064464141821112 0.0346494762288477 0.0257856567284448
0 0.18855761482675262 0.5298146655922643 0.128928283642224 0.06285253827558421
0 0.39242546333601935 0.5165189363416599 0.05801772763900081 0.0410958904109589
0 0.3037872683319903 0.5169218372280419 0.06124093473005641 0.035455278001611606
0 0.346897663174859 0.5096696212731668 0.0410958904109589 0.0257856567284448
1 0.370668815471394 0.5024174053182917 0.029008863819500404 0.0257856567284448
0 0.43190975020145045 0.5040290088638195 0.024174053182917002 0.017727639000805803
1 0.39242546333601935 0.500402900886382 0.029008863819500404 0.021756647864625302
0 0.483883964544722 0.5028203062046737 0.020145044319097503 0.018533440773569703
0 0.5060435132957293 0.500402900886382 0.0128928283642224 0.012087026591458501
