0 0.5020128824476651 0.5161030595813204 0.06038647342995169 0.0571658615136876
0 0.9170692431561996 0.5603864734299517 0.1642512077294686 0.17954911433172302
1 0.6924315619967794 0.5152979066022544 0.17552334943639292 0.10547504025764895
0 0.6159420289855072 0.5084541062801933 0.10628019323671498 0.04830917874396135
0 0.5664251207729468 0.4967793880837359 0.06038647342995169 0.0249597423510467
0 0.5475040257648953 0.49516908212560384 0.040257648953301126 0.018518518518518517
0 0.14371980676328502 0.5201288244766505 0.13768115942028986 0.06038647342995169
1 0.25885668276972623 0.49879227053140096 0.15056360708534622 0.10789049919484701
0 0.2391304347826087 0.5128824476650563 0.08051529790660225 0.04106280193236715
0 0.2962962962962963 0.5080515297906603 0.05475040257648953 0.026570048309178744
0 0.3667471819645733 0.499194847020934 0.03462157809983897 0.018518518518518517
0 0.3824476650563607 0.49597423510466987 0.02576489533011272 0.020128824476650563
0 0.4061996779388084 0.49476650563607083 0.0249597423510467 0.014492753623188406
0 0.9122383252818036 0.5084541062801933 0.11594202898550725 0.028985507246376812
0 0.16948470209339775 0.5104669887278583 0.06360708534621579 0.033011272141706925
