0 0.49838969404186795 0.5080515297906603 0.04830917874396135 0.039452495974235106
0 0.05032206119162641 0.5740740740740741 0.10064412238325282 0.15217391304347827
0 0.14130434782608695 0.5599838969404187 0.21497584541062803 0.11594202898550725
0 0.2785829307568438 0.5173107890499195 0.1111111111111111 0.057971014492753624
0 0.39049919484702095 0.5289855072463768 0.0998389694041868 0.06038647342995169
0 0.4166666666666667 0.5161030595813204 0.0571658615136876 0.04750402576489533
0 0.36272141706924316 0.5084541062801933 0.071658615136876 0.0322061191626409
1 0.8582930756843801 0.499597423510467 0.28180354267310787 0.30112721417069244
0 0.678743961352657 0.5458937198067633 0.1723027375201288 0.107085346215781
0 0.6107085346215781 0.5253623188405797 0.10064412238325282 0.061191626409017714
0 0.5776972624798712 0.5080515297906603 0.06038647342995169 0.04750402576489533
0 0.5314009661835749 0.49838969404186795 0.028985507246376812 0.021739130434782608
2 0.5289855072463768 0.48148148148148145 0.037037037037037035 0.04428341384863124
1 0.05837359098228664 0.5209339774557166 0.11674718196457327 0.12640901771336555
0 0.49114331723027377 0.500805152979066 0.030595813204508857 0.02818035426731079
0 0.1888083735909823 0.5040257648953301 0.07004830917874397 0.029790660225442835
