0 0.2037037037037037 0.5591787439613527 0.20128824476650564 0.10950080515297907
0 0.8679549114331723 0.5772946859903382 0.26247987117552335 0.1457326892109501
0 0.3148148148148148 0.5301932367149759 0.10628019323671498 0.06280193236714976
0 0.7089371980676329 0.5446859903381642 0.15861513687600645 0.09822866344605476
0 0.3615136876006441 0.5193236714975845 0.07890499194847021 0.04428341384863124
0 0.6312399355877617 0.5229468599033816 0.0966183574879227 0.06280193236714976
0 0.42713365539452497 0.5044283413848631 0.033011272141706925 0.024154589371980676
0 0.5994363929146538 0.5136876006441223 0.061996779388083734 0.04589371980676329
0 0.5837359098228664 0.5076489533011272 0.04508856682769726 0.03542673107890499
0 0.57085346215781 0.5052334943639292 0.03864734299516908 0.028985507246376812
