0 0.47219983883964545 0.5124899274778405 0.045124899274778404 0.0410958904109589
0 0.0515713134568896 0.5551974214343272 0.1031426269137792 0.11361804995970991
0 0.18170829975825947 0.5713134568896051 0.3134568896051571 0.1587429492344883
0 0.25825946817082995 0.5181305398871877 0.0926672038678485 0.053988718775181306
0 0.3980660757453666 0.5165189363416599 0.064464141821112 0.04915390813859791
0 0.34004834810636586 0.5088638195004029 0.045124899274778404 0.0273972602739726
0 0.22078968573730862 0.5128928283642225 0.07091055600322321 0.03384367445608381
0 0.41941982272361 0.508460918614021 0.0346494762288477 0.0265914585012087
0 0.43513295729250606 0.5036261079774376 0.024174053182917002 0.018533440773569703
0 0.30942788074133765 0.5056406124093473 0.038678485092667206 0.022562449637389202
0 0.06688154713940371 0.5282030620467365 0.13376309427880742 0.05640612409347301
