0 0.4939613526570048 0.5064412238325282 0.04106280193236715 0.033011272141706925
0 0.10748792270531402 0.5579710144927537 0.21497584541062803 0.13285024154589373
0 0.2693236714975845 0.5237520128824477 0.12318840579710146 0.05636070853462158
0 0.4053945249597424 0.5273752012882448 0.07809983896940419 0.05555555555555555
0 0.4311594202898551 0.5161030595813204 0.06038647342995169 0.04428341384863124
0 0.3607085346215781 0.5052334943639292 0.08856682769726248 0.037037037037037035
0 0.7588566827697263 0.5772946859903382 0.2665056360708535 0.1457326892109501
2 0.6243961352657005 0.4786634460547504 0.1457326892109501 0.14814814814814814
0 0.5438808373590982 0.5024154589371981 0.036231884057971016 0.029790660225442835
2 0.5209339774557166 0.4830917874396135 0.033816425120772944 0.04428341384863124
0 0.25684380032206117 0.5028180354267311 0.05314009661835749 0.024154589371980676
0 0.4822866344605475 0.500805152979066 0.027375201288244767 0.0249597423510467
0 0.10466988727858294 0.5132850241545893 0.10305958132045089 0.040257648953301126
