0 0.41821112006446415 0.5024174053182917 0.017727639000805803 0.014504431909750202
0 0.467365028203062 0.5181305398871877 0.06285253827558421 0.052377115229653506
0 0.037066881547139406 0.5769540692989524 0.07413376309427881 0.12489927477840451
1 0.038678485092667206 0.524174053182917 0.07735697018533441 0.08702659145850121
0 0.15028203062046736 0.5451248992747784 0.16196615632554393 0.0821917808219178
0 0.3819500402900886 0.5141015310233682 0.045124899274778404 0.0410958904109589
0 0.24294923448831587 0.5205479452054794 0.08299758259468171 0.04593070104754231
0 0.16196615632554393 0.5193392425463336 0.09508460918614021 0.041901692183722805
0 0.3021756647864625 0.5100725221595488 0.041901692183722805 0.028203062046736505
1 0.21353746978243351 0.5056406124093473 0.064464141821112 0.040290088638195005
0 0.32151490733279614 0.5068493150684932 0.032232070910556 0.021756647864625302
1 0.34367445608380337 0.49717969379532634 0.023368251410153102 0.028203062046736505
