0 0.17270531400966183 0.5297906602254429 0.16183574879227053 0.05877616747181964
0 0.25402576489533013 0.5185185185185185 0.11352657004830918 0.04750402576489533
0 0.2822061191626409 0.5128824476650563 0.10064412238325282 0.04106280193236715
0 0.322061191626409 0.5084541062801933 0.09017713365539452 0.03542673107890499
0 0.3397745571658615 0.5080515297906603 0.07246376811594203 0.02818035426731079
0 0.357487922705314 0.5056360708534622 0.05314009661835749 0.0249597423510467
0 0.37318840579710144 0.5056360708534622 0.0571658615136876 0.020128824476650563
0 0.3804347826086957 0.500402576489533 0.04911433172302738 0.02254428341384863
0 0.391304347826087 0.5 0.0499194847020934 0.020128824476650563
0 0.3997584541062802 0.5 0.04750402576489533 0.018518518518518517
