0 0.12681159420289856 0.5793075684380032 0.2536231884057971 0.14170692431561996
0 0.5764895330112721 0.5181159420289855 0.07246376811594203 0.05475040257648953
0 0.22584541062801933 0.5165056360708534 0.12318840579710146 0.04508856682769726
0 0.6630434782608695 0.5394524959742351 0.13446054750402575 0.09098228663446055
0 0.5575684380032206 0.5108695652173914 0.04750402576489533 0.040257648953301126
0 0.3804347826086957 0.5108695652173914 0.05394524959742351 0.037037037037037035
0 0.4001610305958132 0.5028180354267311 0.04186795491143317 0.03542673107890499
0 0.789049919484702 0.5764895330112721 0.3027375201288245 0.1473429951690821
0 0.41988727858293073 0.5028180354267311 0.033011272141706925 0.028985507246376812
1 0.5253623188405797 0.4895330112721417 0.03462157809983897 0.03784219001610306
0 0.4388083735909823 0.4963768115942029 0.017713365539452495 0.011272141706924315
