0 0.500805152979066 0.5088566827697263 0.04669887278582931 0.04428341384863124
0 0.784219001610306 0.5503220611916264 0.21739130434782608 0.13043478260869565
0 0.7028985507246377 0.5277777777777778 0.15780998389694043 0.08373590982286634
0 0.6690821256038647 0.5116747181964574 0.12399355877616747 0.06602254428341385
1 0.6030595813204509 0.500402576489533 0.10466988727858294 0.05314009661835749
0 0.5752818035426731 0.501207729468599 0.0748792270531401 0.030595813204508857
0 0.5471014492753623 0.49557165861513686 0.04750402576489533 0.01932367149758454
0 0.26972624798711753 0.5076489533011272 0.06924315619967794 0.037037037037037035
1 0.40700483091787437 0.49033816425120774 0.04106280193236715 0.03784219001610306
0 0.3115942028985507 0.5044283413848631 0.0499194847020934 0.028985507246376812
0 0.3446054750402576 0.5036231884057971 0.037037037037037035 0.01932367149758454
0 0.39090177133655396 0.4967793880837359 0.02818035426731079 0.015297906602254429
0 0.25483091787439616 0.5036231884057971 0.04106280193236715 0.024154589371980676
