0 0.142914653784219 0.534219001610306 0.17954911433172302 0.0644122383252818
0 0.2387278582930757 0.5197262479871175 0.1215780998389694 0.0499194847020934
0 0.27093397745571657 0.5140901771336553 0.107085346215781 0.043478260869565216
0 0.3144122383252818 0.5084541062801933 0.09420289855072464 0.037037037037037035
0 0.33413848631239934 0.5088566827697263 0.07568438003220612 0.029790660225442835
0 0.3522544283413849 0.5048309178743962 0.05555555555555555 0.026570048309178744
0 0.36835748792270534 0.5056360708534622 0.05877616747181964 0.020128824476650563
0 0.3776167471819646 0.500805152979066 0.05152979066022544 0.023349436392914653
0 0.3888888888888889 0.500402576489533 0.05152979066022544 0.020933977455716585
0 0.3965378421900161 0.499194847020934 0.04911433172302738 0.018518518518518517
