0 0.09098228663446055 0.572866344605475 0.1819645732689211 0.15458937198067632
0 0.11272141706924316 0.5519323671497585 0.22544283413848631 0.12238325281803543
0 0.15901771336553946 0.5374396135265701 0.27616747181964574 0.0966183574879227
0 0.19927536231884058 0.5257648953301127 0.1747181964573269 0.07326892109500806
0 0.26006441223832527 0.5265700483091788 0.15942028985507245 0.06038647342995169
0 0.27697262479871176 0.5197262479871175 0.15619967793880837 0.05314009661835749
0 0.322061191626409 0.5084541062801933 0.10950080515297907 0.04508856682769726
0 0.33776167471819646 0.5060386473429952 0.11030595813204509 0.0499194847020934
5 0.44847020933977455 0.5044283413848631 0.00966183574879227 0.024154589371980676
0 0.6964573268921095 0.5632045088566827 0.178743961352657 0.11916264090177134
0 0.7640901771336553 0.5265700483091788 0.1996779388083736 0.07648953301127215
0 0.677536231884058 0.5185185185185185 0.11674718196457327 0.04750402576489533
0 0.6388888888888888 0.5132850241545893 0.107085346215781 0.040257648953301126
0 0.6195652173913043 0.5100644122383253 0.10064412238325282 0.0322061191626409
0 0.6135265700483091 0.5076489533011272 0.08373590982286634 0.037037037037037035
0 0.38446054750402575 0.5056360708534622 0.0748792270531401 0.0249597423510467
0 0.39855072463768115 0.5036231884057971 0.0644122383252818 0.02254428341384863
0 0.5249597423510467 0.5044283413848631 0.027375201288244767 0.020933977455716585
1 0.501207729468599 0.49114331723027377 0.012077294685990338 0.013687600644122383
