0 0.4915458937198068 0.5124798711755234 0.04750402576489533 0.03864734299516908
0 0.2673107890499195 0.5297906602254429 0.14814814814814814 0.06521739130434782
0 0.31521739130434784 0.5241545893719807 0.11674718196457327 0.04911433172302738
0 0.35104669887278583 0.5112721417069244 0.07407407407407407 0.036231884057971016
0 0.428341384863124 0.5152979066022544 0.05314009661835749 0.03462157809983897
1 0.6650563607085346 0.5140901771336553 0.19162640901771336 0.1610305958132045
0 0.5797101449275363 0.5189210950080515 0.07246376811594203 0.0499194847020934
0 0.5599838969404187 0.5140901771336553 0.05233494363929147 0.03542673107890499
0 0.5479066022544283 0.5048309178743962 0.03784219001610306 0.033011272141706925
0 0.5201288244766505 0.500402576489533 0.02254428341384863 0.017713365539452495
0 0.11352657004830918 0.5366344605475041 0.1497584541062802 0.0644122383252818
1 0.20772946859903382 0.5128824476650563 0.12721417069243157 0.071658615136876
0 0.49074074074074076 0.5052334943639292 0.03140096618357488 0.028985507246376812
0 0.0861513687600644 0.5181159420289855 0.09822866344605476 0.040257648953301126
