0 0.8840579710144928 0.5531400966183575 0.23027375201288244 0.17632850241545894
0 0.20652173913043478 0.5756843800322061 0.25684380032206117 0.14895330112721417
0 0.35829307568438 0.534621578099839 0.0998389694041868 0.06843800322061191
0 0.3993558776167472 0.5205314009661836 0.07246376811594203 0.0499194847020934
0 0.5861513687600645 0.5152979066022544 0.061191626409017714 0.05555555555555555
0 0.8498389694041868 0.5185185185185185 0.27294685990338163 0.08454106280193237
0 0.42391304347826086 0.5080515297906603 0.04106280193236715 0.036231884057971016
0 0.43156199677938806 0.5036231884057971 0.04669887278582931 0.027375201288244767
0 0.3329307568438003 0.4971819645732689 0.050724637681159424 0.017713365539452495
0 0.6014492753623188 0.5104669887278583 0.06280193236714976 0.04106280193236715
0 0.6364734299516909 0.5028180354267311 0.06521739130434782 0.037037037037037035
0 0.7544283413848631 0.4891304347826087 0.06280193236714976 0.020933977455716585
