0 0.4778582930756844 0.5169082125603864 0.04750402576489533 0.039452495974235106
0 0.09017713365539452 0.5668276972624798 0.18035426731078905 0.12318840579710146
0 0.2318840579710145 0.5857487922705314 0.2882447665056361 0.1288244766505636
0 0.3498389694041868 0.5454911433172303 0.11030595813204509 0.08695652173913043
0 0.37962962962962965 0.5297906602254429 0.07648953301127215 0.05555555555555555
0 0.2975040257648953 0.5257648953301127 0.10064412238325282 0.04750402576489533
0 0.43719806763285024 0.5068438003220612 0.027375201288244767 0.020933977455716585
0 0.8715780998389694 0.5825281803542673 0.25523349436392917 0.13526570048309178
0 0.7407407407407407 0.5805152979066023 0.27697262479871176 0.1392914653784219
0 0.6123188405797102 0.533011272141707 0.10225442834138486 0.07971014492753623
0 0.5245571658615137 0.5112721417069244 0.03784219001610306 0.02818035426731079
2 0.5213365539452496 0.4891304347826087 0.04589371980676329 0.05314009661835749
0 0.19082125603864733 0.5128824476650563 0.07085346215780998 0.02818035426731079
0 0.4754428341384863 0.5096618357487923 0.029790660225442835 0.02818035426731079
0 0.059178743961352656 0.5225442834138486 0.11513687600644122 0.0426731078904992
