1 0.15056360708534622 0.5458937198067633 0.30112721417069244 0.20853462157809985
0 0.823268921095008 0.5744766505636071 0.35185185185185186 0.15136876006441224
0 0.6670692431561996 0.535829307568438 0.10547504025764895 0.08373590982286634
1 0.09822866344605476 0.5044283413848631 0.1964573268921095 0.11272141706924316
0 0.6678743961352657 0.5112721417069244 0.0893719806763285 0.06682769726247988
1 0.499597423510467 0.49597423510466987 0.03140096618357488 0.033011272141706925
1 0.7242351046698873 0.48792270531400966 0.1392914653784219 0.05233494363929147
0 0.38687600644122383 0.5036231884057971 0.03784219001610306 0.02576489533011272
0 0.34057971014492755 0.499194847020934 0.04669887278582931 0.03462157809983897
0 0.6002415458937198 0.4967793880837359 0.0426731078904992 0.0249597423510467
1 0.5438808373590982 0.4826892109500805 0.023349436392914653 0.02576489533011272
2 0.5136876006441223 0.4778582930756844 0.02254428341384863 0.03542673107890499
