0 0.5394524959742351 0.5664251207729468 0.1642512077294686 0.15458937198067632
0 0.9677938808373591 0.571256038647343 0.06280193236714976 0.15780998389694043
0 0.6284219001610306 0.5080515297906603 0.09903381642512077 0.04589371980676329
0 0.5837359098228664 0.5020128824476651 0.05958132045088567 0.028985507246376812
0 0.5648148148148148 0.5 0.05394524959742351 0.021739130434782608
0 0.42310789049919484 0.501207729468599 0.02818035426731079 0.01932367149758454
0 0.10909822866344605 0.534219001610306 0.15217391304347827 0.05958132045088567
0 0.4774557165861514 0.49476650563607083 0.01932367149758454 0.01288244766505636
0 0.31280193236714976 0.5088566827697263 0.06038647342995169 0.02818035426731079
0 0.3438003220611916 0.5028180354267311 0.040257648953301126 0.028985507246376812
0 0.3852657004830918 0.499597423510467 0.03462157809983897 0.01932367149758454
0 0.42995169082125606 0.4975845410628019 0.0322061191626409 0.013687600644122383
0 0.21980676328502416 0.5072463768115942 0.06280193236714976 0.029790660225442835
0 0.2109500805152979 0.5040257648953301 0.06602254428341385 0.021739130434782608
