1 0.5136876006441223 0.5152979066022544 0.07407407407407407 0.08132045088566828
1 0.9702093397745571 0.49516908212560384 0.057971014492753624 0.1537842190016103
0 0.2665056360708535 0.5301932367149759 0.12560386473429952 0.061191626409017714
0 0.16626409017713364 0.5213365539452496 0.1537842190016103 0.07890499194847021
0 0.43156199677938806 0.5076489533011272 0.05475040257648953 0.03864734299516908
0 0.7467793880837359 0.5185185185185185 0.12318840579710146 0.06038647342995169
0 0.5599838969404187 0.4963768115942029 0.033011272141706925 0.030595813204508857
1 0.6006441223832528 0.4859098228663446 0.040257648953301126 0.03864734299516908
0 0.8240740740740741 0.5120772946859904 0.13768115942028986 0.06360708534621579
0 0.9210950080515298 0.5169082125603864 0.15619967793880837 0.05555555555555555
2 0.5543478260869565 0.47987117552334946 0.03784219001610306 0.05555555555555555
0 0.04508856682769726 0.5309983896940419 0.09017713365539452 0.05475040257648953
