0 0.09138486312399356 0.5543478260869565 0.18276972624798712 0.12560386473429952
0 0.12600644122383253 0.5285829307568438 0.25201288244766507 0.12077294685990338
5 0.38727858293075684 0.5177133655394525 0.02576489533011272 0.05233494363929147
0 0.9078099838969405 0.5696457326892109 0.18276972624798712 0.14170692431561996
0 0.8482286634460547 0.5507246376811594 0.2971014492753623 0.107085346215781
0 0.7524154589371981 0.535829307568438 0.22946859903381642 0.07407407407407407
0 0.714573268921095 0.5229468599033816 0.17310789049919484 0.07407407407407407
0 0.29911433172302737 0.5165056360708534 0.12962962962962962 0.04186795491143317
0 0.32689210950080516 0.5132850241545893 0.10628019323671498 0.037037037037037035
0 0.5289855072463768 0.5100644122383253 0.043478260869565216 0.0322061191626409
0 0.5088566827697263 0.501610305958132 0.024154589371980676 0.020128824476650563
1 0.49114331723027377 0.4915458937198068 0.01288244766505636 0.01610305958132045
