0 0.49597423510466987 0.5060386473429952 0.03542673107890499 0.033816425120772944
0 0.92914653784219 0.5748792270531401 0.14009661835748793 0.15056360708534622
0 0.784621578099839 0.5579710144927537 0.21980676328502416 0.15539452495974235
0 0.7037037037037037 0.533011272141707 0.178743961352657 0.0893719806763285
0 0.6566022544283414 0.5185185185185185 0.14090177133655393 0.071658615136876
0 0.6324476650563607 0.5152979066022544 0.10386473429951691 0.050724637681159424
0 0.6107085346215781 0.5092592592592593 0.10064412238325282 0.040257648953301126
0 0.4311594202898551 0.4975845410628019 0.016908212560386472 0.012077294685990338
0 0.38808373590982287 0.5064412238325282 0.033816425120772944 0.023349436392914653
0 0.572061191626409 0.501207729468599 0.07004830917874397 0.027375201288244767
0 0.5515297906602254 0.499194847020934 0.05636070853462158 0.021739130434782608
1 0.5374396135265701 0.49476650563607083 0.04589371980676329 0.020933977455716585
0 0.38446054750402575 0.49838969404186795 0.0249597423510467 0.016908212560386472
0 0.36231884057971014 0.4971819645732689 0.01610305958132045 0.01288244766505636
