0 0.9223027375201288 0.5688405797101449 0.1537842190016103 0.16264090177133655
0 0.071658615136876 0.5817230273752013 0.143317230273752 0.13687600644122383
0 0.2966988727858293 0.5293880837359098 0.09903381642512077 0.05958132045088567
0 0.34541062801932365 0.5193236714975845 0.06602254428341385 0.04106280193236715
0 0.3719806763285024 0.5136876006441223 0.04669887278582931 0.033011272141706925
0 0.39331723027375204 0.5096618357487923 0.039452495974235106 0.026570048309178744
0 0.678743961352657 0.4895330112721417 0.09017713365539452 0.03462157809983897
0 0.644927536231884 0.48792270531400966 0.06602254428341385 0.029790660225442835
0 0.9520933977455717 0.4718196457326892 0.09420289855072464 0.033011272141706925
0 0.9239130434782609 0.4714170692431562 0.11030595813204509 0.033816425120772944
0 0.8977455716586151 0.47302737520128824 0.10628019323671498 0.027375201288244767
0 0.8719806763285024 0.4758454106280193 0.09822866344605476 0.026570048309178744
0 0.41626409017713367 0.5044283413848631 0.0322061191626409 0.020933977455716585
0 0.5519323671497585 0.49879227053140096 0.033011272141706925 0.02576489533011272
