1 0.3776167471819646 0.49879227053140096 0.028985507246376812 0.030595813204508857
5 0.4331723027375201 0.5237520128824477 0.043478260869565216 0.08051529790660225
0 0.8635265700483091 0.5688405797101449 0.2713365539452496 0.16264090177133655
0 0.6082930756843801 0.5475040257648953 0.177938808373591 0.10869565217391304
0 0.13848631239935588 0.5543478260869565 0.17713365539452497 0.09500805152979067
1 0.21578099838969403 0.5289855072463768 0.10144927536231885 0.07004830917874397
0 0.5060386473429952 0.5181159420289855 0.08454106280193237 0.06280193236714976
0 0.46980676328502413 0.5124798711755234 0.06682769726247988 0.04508856682769726
0 0.25442834138486314 0.5249597423510467 0.057971014492753624 0.04428341384863124
0 0.2725442834138486 0.5152979066022544 0.04428341384863124 0.033011272141706925
0 0.44605475040257647 0.5076489533011272 0.043478260869565216 0.0322061191626409
