0 0.48267526188557613 0.5060435132957293 0.030620467365028204 0.028203062046736505
0 0.1442385173247381 0.5777598710717163 0.2884770346494762 0.14585012087026591
0 0.0862207896857373 0.5531829170024174 0.1724415793714746 0.1031426269137792
0 0.282433521353747 0.5209508460918614 0.08138597904915391 0.043513295729250605
0 0.3799355358581789 0.5261885576148267 0.07977437550362611 0.052377115229653506
0 0.34045124899274776 0.5108783239323127 0.05076551168412571 0.029814665592264304
0 0.40692989524576956 0.5100725221595488 0.040290088638195005 0.0265914585012087
1 0.4347300564061241 0.49476228847703463 0.029814665592264304 0.0346494762288477
0 0.032232070910556 0.5358581788879936 0.064464141821112 0.07010475423045931
0 0.11361804995970991 0.5257856567284448 0.13376309427880742 0.0531829170024174
0 0.24899274778404512 0.5124899274778405 0.06124093473005641 0.028203062046736505
