0 0.15619967793880837 0.4915458937198068 0.0644122383252818 0.04669887278582931
0 0.20652173913043478 0.4971819645732689 0.06038647342995169 0.033816425120772944
0 0.2648953301127214 0.49355877616747185 0.06763285024154589 0.02818035426731079
1 0.41586151368760066 0.4887278582930757 0.06038647342995169 0.033011272141706925
0 0.4396135265700483 0.49033816425120774 0.04508856682769726 0.021739130434782608
0 0.4778582930756844 0.4891304347826087 0.04750402576489533 0.02254428341384863
0 0.5056360708534622 0.4919484702093398 0.0499194847020934 0.016908212560386472
0 0.5305958132045089 0.49114331723027377 0.037037037037037035 0.016908212560386472
0 0.5491143317230274 0.4915458937198068 0.04186795491143317 0.01610305958132045
0 0.571658615136876 0.48993558776167473 0.04830917874396135 0.017713365539452495
1 0.605072463768116 0.48429951690821255 0.04911433172302738 0.02254428341384863
0 0.6227858293075684 0.48711755233494364 0.0426731078904992 0.015297906602254429
0 0.6392914653784219 0.48752012882447665 0.037037037037037035 0.014492753623188406
