0 0.10185185185185185 0.5644122383252818 0.2037037037037037 0.12962962962962962
0 0.12318840579710146 0.5422705314009661 0.2463768115942029 0.09822866344605476
0 0.6119162640901772 0.533816425120773 0.09339774557165861 0.06360708534621579
0 0.21900161030595813 0.533816425120773 0.19001610305958133 0.0748792270531401
1 0.2608695652173913 0.5233494363929146 0.1497584541062802 0.071658615136876
0 0.3031400966183575 0.5173107890499195 0.11191626409017713 0.05152979066022544
0 0.6606280193236715 0.5181159420289855 0.11513687600644122 0.037037037037037035
0 0.3522544283413849 0.500805152979066 0.09098228663446055 0.04750402576489533
1 0.5269726247987118 0.4967793880837359 0.033011272141706925 0.03462157809983897
0 0.38687600644122383 0.5044283413848631 0.07004830917874397 0.02254428341384863
0 0.4037842190016103 0.501610305958132 0.06038647342995169 0.0249597423510467
1 0.5136876006441223 0.49355877616747185 0.02254428341384863 0.026570048309178744
