0 0.5148953301127214 0.5249597423510467 0.061996779388083734 0.05877616747181964
0 0.6574074074074074 0.5197262479871175 0.1215780998389694 0.05958132045088567
0 0.5946054750402576 0.5112721417069244 0.06843800322061191 0.03462157809983897
0 0.5692431561996779 0.5080515297906603 0.05958132045088567 0.0249597423510467
0 0.03985507246376811 0.5515297906602254 0.07971014492753623 0.07326892109500806
0 0.3494363929146538 0.5177133655394525 0.05958132045088567 0.036231884057971016
0 0.42914653784219003 0.5068438003220612 0.030595813204508857 0.02254428341384863
0 0.46497584541062803 0.5028180354267311 0.021739130434782608 0.01610305958132045
0 0.27938808373590984 0.5201288244766505 0.07246376811594203 0.03462157809983897
0 0.3168276972624799 0.5120772946859904 0.04911433172302738 0.033011272141706925
0 0.3679549114331723 0.5076489533011272 0.03864734299516908 0.02254428341384863
0 0.42028985507246375 0.5056360708534622 0.033816425120772944 0.015297906602254429
0 0.16867954911433172 0.5181159420289855 0.07809983896940419 0.03542673107890499
0 0.16505636070853463 0.5112721417069244 0.07890499194847021 0.0249597423510467
