0 0.6871980676328503 0.5511272141706924 0.19243156199677938 0.12399355877616747
0 0.07085346215780998 0.5507246376811594 0.14170692431561996 0.08454106280193237
0 0.9496779388083736 0.5785024154589372 0.09903381642512077 0.143317230273752
0 0.607487922705314 0.5201288244766505 0.08776167471819646 0.06682769726247988
0 0.32407407407407407 0.533011272141707 0.09742351046698873 0.06360708534621579
0 0.3695652173913043 0.5161030595813204 0.06602254428341385 0.05233494363929147
0 0.5611916264090178 0.5096618357487923 0.05152979066022544 0.04106280193236715
0 0.40136876006441224 0.5116747181964574 0.04750402576489533 0.040257648953301126
0 0.5531400966183575 0.5060386473429952 0.04669887278582931 0.030595813204508857
1 0.5406602254428341 0.49074074074074076 0.04589371980676329 0.04830917874396135
0 0.5132850241545893 0.4971819645732689 0.018518518518518517 0.014492753623188406
0 0.4384057971014493 0.501207729468599 0.020128824476650563 0.01288244766505636
