0 0.8325281803542673 0.5652173913043478 0.3333333333333333 0.16988727858293076
0 0.07971014492753623 0.571256038647343 0.15942028985507245 0.13365539452495975
0 0.6598228663446055 0.5454911433172303 0.15539452495974235 0.09500805152979067
0 0.5740740740740741 0.5132850241545893 0.06280193236714976 0.05314009661835749
0 0.2914653784219002 0.5181159420289855 0.1497584541062802 0.05314009661835749
0 0.3196457326892109 0.5064412238325282 0.0966183574879227 0.050724637681159424
0 0.3687600644122383 0.5060386473429952 0.07890499194847021 0.030595813204508857
0 0.41304347826086957 0.4927536231884058 0.05314009661835749 0.0249597423510467
0 0.538244766505636 0.5036231884057971 0.033011272141706925 0.02576489533011272
0 0.5116747181964574 0.4939613526570048 0.016908212560386472 0.01288244766505636
