0 0.8872785829307569 0.5801127214170693 0.22383252818035426 0.14009661835748793
0 0.19444444444444445 0.5237520128824477 0.14090177133655393 0.05475040257648953
5 0.8433977455716586 0.5189210950080515 0.10869565217391304 0.07568438003220612
0 0.4923510466988728 0.501610305958132 0.07648953301127215 0.029790660225442835
0 0.6835748792270532 0.4967793880837359 0.0821256038647343 0.0249597423510467
1 0.9053945249597424 0.49114331723027377 0.0893719806763285 0.033011272141706925
0 0.4810789049919485 0.500805152979066 0.05555555555555555 0.023349436392914653
0 0.2359098228663446 0.5068438003220612 0.07729468599033816 0.027375201288244767
0 0.4673913043478261 0.4975845410628019 0.020128824476650563 0.013687600644122383
0 0.4355877616747182 0.49798711755233493 0.024154589371980676 0.014492753623188406
