0 0.9359903381642513 0.5833333333333334 0.12640901771336555 0.13365539452495975
0 0.14210950080515297 0.5853462157809984 0.28421900161030594 0.12962962962962962
0 0.6360708534621579 0.5410628019323671 0.12560386473429952 0.0893719806763285
0 0.32971014492753625 0.5318035426731079 0.10225442834138486 0.06924315619967794
0 0.39814814814814814 0.5132850241545893 0.0426731078904992 0.033816425120772944
5 0.4585346215780998 0.5020128824476651 0.008856682769726247 0.020933977455716585
5 0.46859903381642515 0.500805152979066 0.008051529790660225 0.018518518518518517
0 0.4243156199677939 0.5072463768115942 0.027375201288244767 0.020128824476650563
0 0.5193236714975845 0.499194847020934 0.01610305958132045 0.013687600644122383
0 0.5507246376811594 0.5084541062801933 0.04508856682769726 0.037037037037037035
