0 0.4927536231884058 0.5100644122383253 0.043478260869565216 0.03542673107890499
1 0.1252012882447665 0.5161030595813204 0.250402576489533 0.26811594202898553
0 0.2777777777777778 0.5318035426731079 0.1723027375201288 0.07085346215780998
0 0.37278582930756843 0.5060386473429952 0.0998389694041868 0.04669887278582931
0 0.38768115942028986 0.501207729468599 0.0748792270531401 0.04186795491143317
0 0.4174718196457327 0.49798711755233493 0.05877616747181964 0.028985507246376812
1 0.5394524959742351 0.4927536231884058 0.03864734299516908 0.036231884057971016
0 0.48711755233494364 0.501610305958132 0.027375201288244767 0.0249597423510467
1 0.3289049919484702 0.5124798711755234 0.1537842190016103 0.07407407407407407
2 0.20249597423510468 0.4887278582930757 0.11674718196457327 0.06521739130434782
