0 0.06239935587761675 0.5821256038647343 0.1247987117552335 0.1360708534621578
0 0.19524959742351047 0.5740740740740741 0.27294685990338163 0.1457326892109501
0 0.9750402576489533 0.5100644122383253 0.04830917874396135 0.08856682769726248
0 0.8743961352657005 0.5140901771336553 0.12721417069243157 0.07246376811594203
0 0.7983091787439613 0.5100644122383253 0.107085346215781 0.061191626409017714
0 0.7616747181964574 0.5052334943639292 0.10305958132045089 0.0499194847020934
0 0.7298711755233495 0.5028180354267311 0.09742351046698873 0.04508856682769726
0 0.7045088566827697 0.5036231884057971 0.0966183574879227 0.037037037037037035
0 0.6123188405797102 0.5245571658615137 0.09420289855072464 0.07246376811594203
0 0.5805152979066023 0.5152979066022544 0.05958132045088567 0.0426731078904992
0 0.3820450885668277 0.5189210950080515 0.07809983896940419 0.05314009661835749
1 0.41223832528180354 0.5064412238325282 0.061191626409017714 0.050724637681159424
0 0.6300322061191627 0.4963768115942029 0.07004830917874397 0.030595813204508857
2 0.5173107890499195 0.4859098228663446 0.04750402576489533 0.0499194847020934
