0 0.46897663174858983 0.5120870265914585 0.043513295729250605 0.040290088638195005
0 0.12530217566478646 0.5717163577759871 0.2506043513295729 0.1579371474617244
0 0.21514907332796132 0.5233682514101531 0.11925866236905722 0.064464141821112
0 0.3843674456083803 0.5201450443190975 0.0757453666398066 0.05640612409347301
0 0.32070910556003224 0.5112812248186946 0.0531829170024174 0.032232070910556
0 0.1861402095084609 0.516116035455278 0.0854149879129734 0.038678485092667206
0 0.41337630942788073 0.508460918614021 0.038678485092667206 0.028203062046736505
0 0.43271555197421435 0.5040290088638195 0.0257856567284448 0.019339242546333603
1 0.44399677679290894 0.4939564867042707 0.017727639000805803 0.021756647864625302
0 0.2892828364222401 0.5068493150684932 0.045124899274778404 0.0249798549556809
0 0.031829170024174055 0.5330378726833199 0.06365834004834811 0.06285253827558421
