0 0.9460547504025765 0.5185185185185185 0.10628019323671498 0.10225442834138486
0 0.05233494363929147 0.572463768115942 0.10466988727858294 0.15217391304347827
0 0.11956521739130435 0.538647342995169 0.2391304347826087 0.12962962962962962
0 0.25120772946859904 0.5161030595813204 0.1819645732689211 0.071658615136876
0 0.2805958132045089 0.5157004830917874 0.16183574879227053 0.05152979066022544
0 0.15619967793880837 0.5297906602254429 0.24798711755233493 0.08132045088566828
0 0.39855072463768115 0.5020128824476651 0.0821256038647343 0.02576489533011272
0 0.8856682769726248 0.5068438003220612 0.13526570048309178 0.05475040257648953
0 0.5841384863123994 0.5024154589371981 0.0893719806763285 0.03140096618357488
0 0.5748792270531401 0.49838969404186795 0.08373590982286634 0.033011272141706925
