0 0.4605475040257649 0.5116747181964574 0.037037037037037035 0.030595813204508857
0 0.2717391304347826 0.5780998389694042 0.2391304347826087 0.14412238325281804
0 0.2069243156199678 0.535024154589372 0.16908212560386474 0.08051529790660225
0 0.31843800322061194 0.5165056360708534 0.10064412238325282 0.037037037037037035
0 0.3466183574879227 0.5116747181964574 0.07648953301127215 0.03542673107890499
0 0.37721417069243157 0.5088566827697263 0.06682769726247988 0.0249597423510467
0 0.39371980676328505 0.5076489533011272 0.0499194847020934 0.02254428341384863
1 0.4025764895330113 0.500805152979066 0.05314009661835749 0.0249597423510467
2 0.7870370370370371 0.499597423510467 0.3003220611916264 0.30112721417069244
0 0.5680354267310789 0.5233494363929146 0.071658615136876 0.05555555555555555
0 0.53341384863124 0.5120772946859904 0.04428341384863124 0.033011272141706925
2 0.5177133655394525 0.4895330112721417 0.0499194847020934 0.061996779388083734
0 0.0998389694041868 0.5185185185185185 0.11272141706924316 0.04106280193236715
0 0.463365539452496 0.5056360708534622 0.02818035426731079 0.0249597423510467
