0 0.48509266720386784 0.5056406124093473 0.032232070910556 0.029008863819500404
0 0.04069298952457696 0.5507655116841257 0.08138597904915391 0.11764705882352941
0 0.23327961321514906 0.564867042707494 0.22159548751007252 0.1297340854149879
0 0.17848509266720386 0.5330378726833199 0.1506849315068493 0.0692989524576954
0 0.31184528605962936 0.516116035455278 0.06607574536663981 0.037066881547139406
0 0.39766317485898467 0.5189363416599516 0.0652699435938759 0.0427074939564867
0 0.3581788879935536 0.5076551168412571 0.0427074939564867 0.0265914585012087
1 0.44077356970185333 0.4935535858178888 0.0273972602739726 0.032232070910556
0 0.0821917808219178 0.5265914585012087 0.1563255439161966 0.06124093473005641
0 0.2784045124899275 0.5088638195004029 0.05076551168412571 0.024174053182917002
