0 0.059178743961352656 0.5845410628019324 0.11835748792270531 0.13123993558776167
0 0.3083735909822866 0.5563607085346216 0.14814814814814814 0.10225442834138486
0 0.1473429951690821 0.5640096618357487 0.214170692431562 0.1111111111111111
5 0.7584541062801933 0.5587761674718197 0.1529790660225443 0.12318840579710146
5 0.8635265700483091 0.5740740740740741 0.19243156199677938 0.15217391304347827
0 0.41505636070853463 0.5185185185185185 0.04750402576489533 0.04106280193236715
0 0.44122383252818037 0.5092592592592593 0.027375201288244767 0.024154589371980676
1 0.45088566827697263 0.500805152979066 0.02254428341384863 0.026570048309178744
0 0.5615942028985508 0.5120772946859904 0.08454106280193237 0.033011272141706925
0 0.5519323671497585 0.5084541062801933 0.0748792270531401 0.02576489533011272
0 0.5273752012882448 0.5056360708534622 0.05636070853462158 0.023349436392914653
1 0.46256038647342995 0.499597423510467 0.016908212560386472 0.01610305958132045
1 0.38164251207729466 0.5225442834138486 0.08373590982286634 0.07326892109500806
