5 0.2290660225442834 0.5563607085346216 0.09581320450885668 0.15056360708534622
0 0.7705314009661836 0.5668276972624798 0.2721417069243156 0.16666666666666666
0 0.6324476650563607 0.5265700483091788 0.1247987117552335 0.10225442834138486
0 0.5873590982286635 0.5108695652173914 0.08132045088566828 0.07085346215780998
0 0.5656199677938808 0.5084541062801933 0.050724637681159424 0.04508856682769726
0 0.4388083735909823 0.4943639291465378 0.02254428341384863 0.023349436392914653
0 0.37681159420289856 0.5088566827697263 0.0499194847020934 0.036231884057971016
0 0.03462157809983897 0.5849436392914654 0.06924315619967794 0.13043478260869565
0 0.12681159420289856 0.572866344605475 0.2536231884057971 0.13848631239935588
0 0.2669082125603865 0.5370370370370371 0.1360708534621578 0.07971014492753623
0 0.3305152979066023 0.5169082125603864 0.08293075684380032 0.05555555555555555
