1 0.6151368760064412 0.5205314009661836 0.0853462157809984 0.09178743961352658
0 0.35466988727858295 0.53341384863124 0.1280193236714976 0.0644122383252818
0 0.2580515297906602 0.5233494363929146 0.1473429951690821 0.07971014492753623
0 0.5201288244766505 0.5100644122383253 0.05314009661835749 0.04186795491143317
0 0.8997584541062802 0.5257648953301127 0.16988727858293076 0.07326892109500806
0 0.6606280193236715 0.4975845410628019 0.039452495974235106 0.033011272141706925
1 0.7024959742351047 0.4867149758454106 0.04589371980676329 0.04186795491143317
0 0.9524959742351047 0.5177133655394525 0.09339774557165861 0.07648953301127215
2 0.6529790660225443 0.47946859903381644 0.04508856682769726 0.05958132045088567
0 0.10587761674718196 0.53341384863124 0.1682769726247987 0.057971014492753624
0 0.035829307568438 0.532608695652174 0.071658615136876 0.04508856682769726
