0 0.49516908212560384 0.5076489533011272 0.033816425120772944 0.0322061191626409
0 0.061191626409017714 0.5410628019323671 0.12238325281803543 0.07326892109500806
0 0.16344605475040258 0.5237520128824477 0.12721417069243157 0.05475040257648953
0 0.6662640901771336 0.5209339774557166 0.12640901771336555 0.06682769726247988
0 0.643317230273752 0.5157004830917874 0.11594202898550725 0.05314009661835749
0 0.6018518518518519 0.5132850241545893 0.09742351046698873 0.04186795491143317
0 0.5849436392914654 0.5092592592592593 0.08293075684380032 0.040257648953301126
0 0.5801127214170693 0.5060386473429952 0.07648953301127215 0.0322061191626409
0 0.5676328502415459 0.5044283413848631 0.06924315619967794 0.030595813204508857
0 0.4396135265700483 0.499597423510467 0.014492753623188406 0.011272141706924315
0 0.535426731078905 0.499194847020934 0.040257648953301126 0.015297906602254429
1 0.5281803542673108 0.49516908212560384 0.03542673107890499 0.015297906602254429
0 0.4106280193236715 0.499597423510467 0.017713365539452495 0.01288244766505636
