0 0.4693795326349718 0.5128928283642225 0.0443190975020145 0.040290088638195005
0 0.14786462530217567 0.5717163577759871 0.29572925060435135 0.1579371474617244
0 0.23489121676067687 0.5209508460918614 0.10717163577759871 0.05962933118452861
0 0.39000805801772764 0.5189363416599516 0.07091055600322321 0.053988718775181306
0 0.32917002417405317 0.5100725221595488 0.04915390813859791 0.029814665592264304
0 0.20145044319097502 0.5149073327961321 0.0789685737308622 0.0362610797743755
0 0.41579371474617244 0.508460918614021 0.037066881547139406 0.028203062046736505
0 0.4339242546333602 0.5036261079774376 0.0249798549556809 0.018533440773569703
1 0.4443996776792909 0.4939564867042707 0.016921837228041903 0.021756647864625302
0 0.2977437550362611 0.5064464141821112 0.0427074939564867 0.024174053182917002
0 0.047139403706688156 0.532634971796938 0.09427880741337631 0.06365834004834811
