0 0.6517713365539453 0.5277777777777778 0.107085346215781 0.06763285024154589
0 0.53341384863124 0.4971819645732689 0.05555555555555555 0.01932367149758454
5 0.6968599033816425 0.5068438003220612 0.050724637681159424 0.040257648953301126
0 0.6815619967793881 0.49315619967793883 0.05555555555555555 0.020933977455716585
0 0.8188405797101449 0.49033816425120774 0.07246376811594203 0.020128824476650563
1 0.9685990338164251 0.48792270531400966 0.061191626409017714 0.026570048309178744
0 0.3252818035426731 0.5032206119162641 0.05152979066022544 0.020128824476650563
0 0.22745571658615138 0.5040257648953301 0.04428341384863124 0.018518518518518517
0 0.4855072463768116 0.49597423510466987 0.017713365539452495 0.012077294685990338
0 0.4585346215780998 0.49597423510466987 0.020128824476650563 0.012077294685990338
