0 0.894524959742351 0.5660225442834138 0.20933977455716588 0.1682769726247987
0 0.1252012882447665 0.5446859903381642 0.250402576489533 0.14814814814814814
0 0.057971014492753624 0.571256038647343 0.11594202898550725 0.15780998389694043
0 0.7588566827697263 0.5780998389694042 0.2648953301127214 0.14412238325281804
0 0.13405797101449277 0.535426731078905 0.24235104669887278 0.11030595813204509
0 0.213768115942029 0.534219001610306 0.1892109500805153 0.07729468599033816
0 0.24355877616747182 0.5265700483091788 0.18760064412238325 0.06843800322061191
0 0.3285024154589372 0.5148953301127214 0.1143317230273752 0.04186795491143317
0 0.3603059581320451 0.5088566827697263 0.08776167471819646 0.04106280193236715
0 0.5599838969404187 0.5161030595813204 0.04911433172302738 0.03784219001610306
0 0.6356682769726248 0.5418679549114331 0.11996779388083736 0.0861513687600644
0 0.5374396135265701 0.5068438003220612 0.033011272141706925 0.028985507246376812
0 0.38727858293075684 0.5068438003220612 0.07407407407407407 0.027375201288244767
