0 0.03260869565217391 0.5603864734299517 0.06521739130434782 0.10869565217391304
0 0.12198067632850242 0.535829307568438 0.1892109500805153 0.07407407407407407
0 0.18961352657004832 0.5229468599033816 0.1537842190016103 0.05958132045088567
0 0.2278582930756844 0.5209339774557166 0.14009661835748793 0.04750402576489533
0 0.26570048309178745 0.5124798711755234 0.12399355877616747 0.04830917874396135
0 0.2962962962962963 0.5132850241545893 0.0966183574879227 0.037037037037037035
0 0.31199677938808373 0.5092592592592593 0.08454106280193237 0.030595813204508857
0 0.3276972624798712 0.5096618357487923 0.06763285024154589 0.03140096618357488
0 0.3494363929146538 0.5084541062801933 0.06924315619967794 0.024154589371980676
0 0.3603059581320451 0.501610305958132 0.06038647342995169 0.026570048309178744
0 0.37359098228663445 0.5028180354267311 0.05958132045088567 0.024154589371980676
0 0.3836553945249597 0.5020128824476651 0.05555555555555555 0.020933977455716585
