0 0.500805152979066 0.5104669887278583 0.0499194847020934 0.04750402576489533
0 0.9061996779388084 0.57085346215781 0.1859903381642512 0.15861513687600645
0 0.787842190016103 0.5491143317230274 0.20531400966183574 0.1247987117552335
0 0.714573268921095 0.5213365539452496 0.15217391304347827 0.08695652173913043
1 0.6235909822866345 0.5024154589371981 0.1215780998389694 0.06360708534621579
0 0.5853462157809984 0.5028180354267311 0.0821256038647343 0.03542673107890499
0 0.5531400966183575 0.49557165861513686 0.05152979066022544 0.020933977455716585
0 0.24154589371980675 0.5100644122383253 0.08373590982286634 0.04186795491143317
1 0.38687600644122383 0.4915458937198068 0.05233494363929147 0.04669887278582931
0 0.2918679549114332 0.5068438003220612 0.0571658615136876 0.0322061191626409
0 0.33172302737520126 0.5048309178743962 0.04186795491143317 0.021739130434782608
0 0.38405797101449274 0.4971819645732689 0.030595813204508857 0.01610305958132045
0 0.23268921095008052 0.5056360708534622 0.04669887278582931 0.026570048309178744
