0 0.06884057971014493 0.5801127214170693 0.13768115942028986 0.14009661835748793
1 0.9219001610305958 0.5088566827697263 0.15458937198067632 0.12962962962962962
0 0.23349436392914655 0.5623993558776168 0.19484702093397746 0.12077294685990338
0 0.33132045088566825 0.5305958132045089 0.11513687600644122 0.07004830917874397
0 0.8349436392914654 0.5028180354267311 0.10144927536231885 0.057971014492753624
0 0.748389694041868 0.5048309178743962 0.09259259259259259 0.04750402576489533
0 0.7065217391304348 0.5036231884057971 0.07809983896940419 0.04186795491143317
0 0.6880032206119162 0.5028180354267311 0.07809983896940419 0.037037037037037035
0 0.6710950080515298 0.499194847020934 0.07648953301127215 0.03462157809983897
0 0.570450885668277 0.5144927536231884 0.06038647342995169 0.04750402576489533
0 0.4074074074074074 0.5100644122383253 0.05475040257648953 0.03864734299516908
1 0.4247181964573269 0.501610305958132 0.04589371980676329 0.039452495974235106
0 0.605475040257649 0.4963768115942029 0.057971014492753624 0.02576489533011272
2 0.5108695652173914 0.4855072463768116 0.04106280193236715 0.0426731078904992
