0 0.2826086956521739 0.5696457326892109 0.1819645732689211 0.12399355877616747
0 0.11352657004830918 0.5817230273752013 0.22705314009661837 0.13687600644122383
5 0.8603059581320451 0.5764895330112721 0.2037037037037037 0.1473429951690821
5 0.9303542673107891 0.5785024154589372 0.13768115942028986 0.143317230273752
0 0.41586151368760066 0.5225442834138486 0.050724637681159424 0.04428341384863124
0 0.4440418679549114 0.5157004830917874 0.029790660225442835 0.027375201288244767
1 0.4533011272141707 0.5044283413848631 0.02576489533011272 0.028985507246376812
0 0.572061191626409 0.5148953301127214 0.0893719806763285 0.03542673107890499
0 0.5595813204508857 0.5124798711755234 0.07890499194847021 0.027375201288244767
0 0.535426731078905 0.5084541062801933 0.057971014492753624 0.024154589371980676
1 0.46618357487922707 0.5024154589371981 0.017713365539452495 0.018518518518518517
1 0.3776167471819646 0.5285829307568438 0.09339774557165861 0.08051529790660225
