0 0.1034621578099839 0.5809178743961353 0.2069243156199678 0.13848631239935588
0 0.9311594202898551 0.48429951690821255 0.1360708534621578 0.09178743961352658
0 0.9939613526570048 0.47705314009661837 0.010466988727858293 0.04508856682769726
0 0.3506441223832528 0.5297906602254429 0.09098228663446055 0.0571658615136876
0 0.25966183574879226 0.5523349436392915 0.18276972624798712 0.10386473429951691
0 0.6247987117552335 0.5076489533011272 0.06924315619967794 0.043478260869565216
0 0.39492753623188404 0.5169082125603864 0.06038647342995169 0.0426731078904992
0 0.4251207729468599 0.5124798711755234 0.03864734299516908 0.030595813204508857
0 0.4335748792270531 0.5100644122383253 0.03462157809983897 0.02576489533011272
0 0.5370370370370371 0.5068438003220612 0.03542673107890499 0.028985507246376812
0 0.6336553945249598 0.5032206119162641 0.0998389694041868 0.03462157809983897
0 0.5744766505636071 0.5024154589371981 0.0426731078904992 0.023349436392914653
0 0.5406602254428341 0.49114331723027377 0.036231884057971016 0.010466988727858293
0 0.4476650563607085 0.4939613526570048 0.030595813204508857 0.00966183574879227
