0 0.5410628019323671 0.5040257648953301 0.030595813204508857 0.023349436392914653
1 0.394122383252818 0.49838969404186795 0.08776167471819646 0.03462157809983897
0 0.3896940418679549 0.5060386473429952 0.0853462157809984 0.027375201288244767
0 0.35668276972624796 0.5120772946859904 0.10950080515297907 0.03784219001610306
0 0.3442028985507246 0.5144927536231884 0.11191626409017713 0.04106280193236715
0 0.32004830917874394 0.5177133655394525 0.11835748792270531 0.04750402576489533
0 0.2318840579710145 0.5277777777777778 0.15780998389694043 0.0644122383252818
0 0.1956521739130435 0.534621578099839 0.214170692431562 0.07326892109500806
0 0.09420289855072464 0.5700483091787439 0.18840579710144928 0.1280193236714976
0 0.8248792270531401 0.5692431561996779 0.34863123993558776 0.16183574879227053
2 0.5277777777777778 0.4943639291465378 0.03140096618357488 0.02818035426731079
