0 0.9009661835748792 0.5768921095008052 0.1964573268921095 0.14653784219001612
0 0.7419484702093397 0.5700483091787439 0.24074074074074073 0.15539452495974235
0 0.15177133655394526 0.5801127214170693 0.2665056360708535 0.14009661835748793
0 0.2971014492753623 0.5426731078904992 0.12077294685990338 0.0861513687600644
0 0.5994363929146538 0.5281803542673108 0.0861513687600644 0.06360708534621579
0 0.3615136876006441 0.5233494363929146 0.07407407407407407 0.0571658615136876
0 0.573268921095008 0.5161030595813204 0.0644122383252818 0.0426731078904992
1 0.5515297906602254 0.49879227053140096 0.05958132045088567 0.061191626409017714
0 0.5140901771336553 0.5072463768115942 0.021739130434782608 0.016908212560386472
0 0.428341384863124 0.5108695652173914 0.02254428341384863 0.01610305958132045
0 0.5 0.5060386473429952 0.02576489533011272 0.017713365539452495
0 0.47906602254428343 0.5060386473429952 0.01932367149758454 0.01288244766505636
