0 0.6027397260273972 0.5318291700241741 0.08380338436744561 0.058823529411764705
0 0.16398066075745366 0.5777598710717163 0.3037872683319903 0.14585012087026591
0 0.36502820306204675 0.5257856567284448 0.08058017727639001 0.05801772763900081
0 0.5394842868654312 0.5096696212731668 0.0362610797743755 0.0273972602739726
0 0.22763900080580177 0.5269943593875906 0.10394842868654311 0.053988718775181306
0 0.4016921837228042 0.515713134568896 0.05076551168412571 0.0362610797743755
0 0.3166800966962127 0.515310233682514 0.05640612409347301 0.032232070910556
0 0.35576148267526186 0.5092667203867849 0.0378726833199033 0.023368251410153102
0 0.435535858178888 0.5072522159548751 0.023368251410153102 0.017727639000805803
1 0.39564867042707497 0.5020145044319098 0.0273972602739726 0.020145044319097503
0 0.48428686543110394 0.5052377115229654 0.019339242546333603 0.018533440773569703
0 0.508460918614021 0.5036261079774376 0.0128928283642224 0.0136986301369863
