0 0.35466988727858295 0.5434782608695652 0.1247987117552335 0.09581320450885668
0 0.8518518518518519 0.5877616747181964 0.2946859903381642 0.1247987117552335
0 0.6541867954911433 0.5555555555555556 0.1473429951690821 0.11352657004830918
0 0.5825281803542673 0.535426731078905 0.0861513687600644 0.06843800322061191
0 0.3961352657004831 0.5293880837359098 0.06924315619967794 0.05958132045088567
0 0.41304347826086957 0.5197262479871175 0.05475040257648953 0.04186795491143317
0 0.5555555555555556 0.5197262479871175 0.057971014492753624 0.04508856682769726
0 0.534219001610306 0.5165056360708534 0.04428341384863124 0.03542673107890499
0 0.43760064412238325 0.5108695652173914 0.03140096618357488 0.02576489533011272
0 0.4537037037037037 0.5048309178743962 0.026570048309178744 0.026570048309178744
0 0.463365539452496 0.5048309178743962 0.0249597423510467 0.023349436392914653
