0 0.4935535858178888 0.5185334407735697 0.0684931506849315 0.06285253827558421
0 0.05962933118452861 0.5523771152296535 0.11925866236905722 0.09508460918614021
0 0.13819500402900886 0.5737308622078968 0.2763900080580177 0.15390813859790492
0 0.34891216760676874 0.5197421434327155 0.072522159548751 0.04593070104754231
0 0.2800161160354553 0.5132957292506044 0.07655116841257051 0.0410958904109589
0 0.395245769540693 0.508460918614021 0.04915390813859791 0.033037872683319904
0 0.07050765511684126 0.5278001611603546 0.14101531023368252 0.060435132957292505
0 0.17647058823529413 0.5141015310233682 0.08702659145850121 0.0394842868654311
1 0.32675261885576146 0.49959709911361805 0.0394842868654311 0.0265914585012087
0 0.5427074939564867 0.4991941982272361 0.016921837228041903 0.011281224818694601
