1 0.1497584541062802 0.5032206119162641 0.2995169082125604 0.2938808373590982
5 0.3462157809983897 0.5305958132045089 0.043478260869565216 0.08293075684380032
5 0.38446054750402575 0.5132850241545893 0.023349436392914653 0.05475040257648953
0 0.6034621578099839 0.5241545893719807 0.0893719806763285 0.07004830917874397
0 0.5656199677938808 0.5116747181964574 0.06360708534621579 0.05636070853462158
0 0.5479066022544283 0.5052334943639292 0.04911433172302738 0.04669887278582931
0 0.43800322061191627 0.49476650563607083 0.01932367149758454 0.01932367149758454
0 0.3965378421900161 0.5040257648953301 0.03462157809983897 0.026570048309178744
0 0.2028985507246377 0.5547504025764896 0.19484702093397746 0.10064412238325282
0 0.30152979066022545 0.5281803542673108 0.09742351046698873 0.061996779388083734
