0 0.49114331723027377 0.501610305958132 0.01932367149758454 0.018518518518518517
0 0.8429951690821256 0.5740740740740741 0.31239935587761675 0.15217391304347827
0 0.44484702093397743 0.5068438003220612 0.029790660225442835 0.024154589371980676
0 0.6207729468599034 0.5301932367149759 0.09500805152979067 0.06924315619967794
0 0.5817230273752013 0.5181159420289855 0.071658615136876 0.05636070853462158
0 0.5640096618357487 0.5108695652173914 0.04911433172302738 0.04669887278582931
0 0.5418679549114331 0.5068438003220612 0.037037037037037035 0.028985507246376812
0 0.5241545893719807 0.500402576489533 0.020933977455716585 0.01932367149758454
0 0.355877616747182 0.5044283413848631 0.04669887278582931 0.017713365539452495
0 0.2946859903381642 0.5056360708534622 0.05314009661835749 0.018518518518518517
