0 0.49597423510466987 0.5076489533011272 0.03864734299516908 0.037037037037037035
0 0.3252818035426731 0.5152979066022544 0.06280193236714976 0.036231884057971016
0 0.67914653784219 0.5213365539452496 0.1537842190016103 0.07246376811594203
0 0.607085346215781 0.5112721417069244 0.10466988727858294 0.04428341384863124
0 0.5970209339774557 0.5072463768115942 0.0861513687600644 0.03784219001610306
0 0.5893719806763285 0.5020128824476651 0.07407407407407407 0.03542673107890499
1 0.5607890499194848 0.4967793880837359 0.07004830917874397 0.033011272141706925
0 0.5487117552334944 0.49838969404186795 0.05394524959742351 0.021739130434782608
0 0.33413848631239934 0.5020128824476651 0.04186795491143317 0.02576489533011272
1 0.4420289855072464 0.4883252818035427 0.024154589371980676 0.02254428341384863
0 0.35628019323671495 0.500402576489533 0.033011272141706925 0.020933977455716585
0 0.4033816425120773 0.4967793880837359 0.020933977455716585 0.012077294685990338
0 0.30958132045088566 0.5 0.026570048309178744 0.018518518518518517
0 0.11674718196457327 0.5024154589371981 0.0322061191626409 0.020128824476650563
