1 0.427536231884058 0.5128824476650563 0.06763285024154589 0.0748792270531401
1 0.8904991948470209 0.4919484702093398 0.21739130434782608 0.13123993558776167
0 0.19122383252818034 0.5285829307568438 0.12640901771336555 0.05958132045088567
0 0.08051529790660225 0.5217391304347826 0.1610305958132045 0.07971014492753623
0 0.35185185185185186 0.5052334943639292 0.05314009661835749 0.037037037037037035
0 0.6364734299516909 0.5128824476650563 0.09903381642512077 0.05233494363929147
0 0.47624798711755234 0.49355877616747185 0.03140096618357488 0.029790660225442835
1 0.5161030595813204 0.4859098228663446 0.03542673107890499 0.037037037037037035
0 0.7008856682769726 0.5068438003220612 0.10547504025764895 0.05475040257648953
0 0.7814009661835749 0.5100644122383253 0.12640901771336555 0.04669887278582931
2 0.47101449275362317 0.4806763285024155 0.03542673107890499 0.05233494363929147
