0 0.11513687600644122 0.5736714975845411 0.23027375201288244 0.12238325281803543
0 0.3494363929146538 0.5406602254428341 0.0998389694041868 0.07246376811594203
0 0.23671497584541062 0.5471014492753623 0.13365539452495975 0.07729468599033816
5 0.6823671497584541 0.535829307568438 0.09742351046698873 0.0821256038647343
0 0.9520933977455717 0.5144927536231884 0.09420289855072464 0.08454106280193237
5 0.716988727858293 0.5410628019323671 0.107085346215781 0.09742351046698873
0 0.41827697262479874 0.5165056360708534 0.04106280193236715 0.03542673107890499
0 0.44363929146537845 0.5076489533011272 0.020933977455716585 0.01932367149758454
1 0.45209339774557167 0.499194847020934 0.016908212560386472 0.020128824476650563
0 0.5462962962962963 0.5096618357487923 0.0748792270531401 0.029790660225442835
0 0.5189210950080515 0.5040257648953301 0.05233494363929147 0.021739130434782608
1 0.39371980676328505 0.5173107890499195 0.06602254428341385 0.05958132045088567
