0 0.4943639291465378 0.5144927536231884 0.043478260869565216 0.036231884057971016
0 0.08574879227053141 0.5752818035426731 0.17149758454106281 0.1497584541062802
0 0.2028985507246377 0.5527375201288245 0.1996779388083736 0.11594202898550725
0 0.32930756843800324 0.5229468599033816 0.12560386473429952 0.05475040257648953
0 0.35668276972624796 0.5177133655394525 0.0966183574879227 0.04750402576489533
0 0.38486312399355876 0.5100644122383253 0.07568438003220612 0.0322061191626409
1 0.4061996779388084 0.4971819645732689 0.0861513687600644 0.04669887278582931
0 0.8900966183574879 0.5632045088566827 0.2181964573268921 0.17391304347826086
0 0.8244766505636071 0.5233494363929146 0.17713365539452497 0.06682769726247988
0 0.49033816425120774 0.5072463768115942 0.027375201288244767 0.0249597423510467
0 0.05958132045088567 0.5454911433172303 0.11916264090177134 0.09339774557165861
1 0.9424315619967794 0.5128824476650563 0.11352657004830918 0.09581320450885668
0 0.17632850241545894 0.5072463768115942 0.08695652173913043 0.03784219001610306
0 0.23309178743961353 0.5068438003220612 0.05555555555555555 0.024154589371980676
2 0.3353462157809984 0.49355877616747185 0.04750402576489533 0.03462157809983897
