0 0.9919484702093397 0.5772946859903382 0.014492753623188406 0.1457326892109501
0 0.1324476650563607 0.5821256038647343 0.2648953301127214 0.1360708534621578
0 0.24114331723027374 0.5772946859903382 0.21336553945249598 0.11030595813204509
0 0.6855877616747182 0.5559581320450886 0.1956521739130435 0.11755233494363929
0 0.7520128824476651 0.5120772946859904 0.16747181964573268 0.050724637681159424
0 0.38687600644122383 0.5148953301127214 0.06038647342995169 0.04186795491143317
0 0.5648148148148148 0.5136876006441223 0.05394524959742351 0.0426731078904992
1 0.40177133655394526 0.5032206119162641 0.0499194847020934 0.04750402576489533
0 0.5479066022544283 0.5096618357487923 0.04750402576489533 0.03462157809983897
1 0.3007246376811594 0.49476650563607083 0.1215780998389694 0.04508856682769726
1 0.4887278582930757 0.4923510466988728 0.01932367149758454 0.020933977455716585
1 0.6223832528180354 0.48711755233494364 0.07890499194847021 0.03140096618357488
