0 0.4262691377921031 0.5024174053182917 0.017727639000805803 0.014504431909750202
0 0.48348106365834004 0.5201450443190975 0.0692989524576954 0.05640612409347301
0 0.0821917808219178 0.5757453666398066 0.1643835616438356 0.13215149073327961
1 0.05922643029814666 0.5257856567284448 0.11845286059629331 0.09024979854955681
0 0.20427074939564868 0.5358581788879936 0.1232876712328767 0.06688154713940371
0 0.39323126510878326 0.5132957292506044 0.041901692183722805 0.0394842868654311
0 0.2687348912167607 0.5173247381144238 0.07010475423045931 0.0410958904109589
0 0.19057211925866238 0.5169218372280419 0.08138597904915391 0.038678485092667206
0 0.3170829975825947 0.5088638195004029 0.0378726833199033 0.0257856567284448
1 0.2324738114423852 0.5044319097502015 0.058823529411764705 0.0378726833199033
0 0.33360193392425463 0.5060435132957293 0.029008863819500404 0.020145044319097503
1 0.3517324738114424 0.49717969379532634 0.023368251410153102 0.0265914585012087
