0 0.8196457326892109 0.571256038647343 0.3059581320450886 0.15780998389694043
0 0.3993558776167472 0.5177133655394525 0.08373590982286634 0.07809983896940419
0 0.1497584541062802 0.5837359098228664 0.2995169082125604 0.13285024154589373
0 0.6107085346215781 0.5193236714975845 0.071658615136876 0.04589371980676329
0 0.6654589371980676 0.5318035426731079 0.11191626409017713 0.07407407407407407
0 0.46215780998389694 0.500805152979066 0.02576489533011272 0.0249597423510467
0 0.4255233494363929 0.5144927536231884 0.05555555555555555 0.04428341384863124
0 0.5938003220611916 0.5120772946859904 0.04911433172302738 0.03784219001610306
0 0.5752818035426731 0.5068438003220612 0.03784219001610306 0.028985507246376812
0 0.5632045088566827 0.5036231884057971 0.033011272141706925 0.02576489533011272
