0 0.8530595813204509 0.5696457326892109 0.2922705314009662 0.1610305958132045
0 0.08494363929146538 0.5845410628019324 0.16988727858293076 0.13123993558776167
0 0.21618357487922704 0.5507246376811594 0.1972624798711755 0.1247987117552335
0 0.6417069243156199 0.5297906602254429 0.12560386473429952 0.0861513687600644
0 0.3248792270531401 0.5257648953301127 0.10225442834138486 0.07326892109500806
0 0.5917874396135265 0.5136876006441223 0.0821256038647343 0.05233494363929147
1 0.5607890499194848 0.48993558776167473 0.07004830917874397 0.07085346215780998
0 0.537842190016103 0.500805152979066 0.03542673107890499 0.02818035426731079
0 0.5157004830917874 0.49838969404186795 0.023349436392914653 0.018518518518518517
0 0.4227053140096618 0.501610305958132 0.024154589371980676 0.016908212560386472
0 0.500402576489533 0.4963768115942029 0.02818035426731079 0.01932367149758454
0 0.4782608695652174 0.4967793880837359 0.020933977455716585 0.013687600644122383
