0 0.8502415458937198 0.5817230273752013 0.29790660225442833 0.13687600644122383
0 0.6231884057971014 0.5301932367149759 0.10950080515297907 0.08695652173913043
0 0.16666666666666666 0.535829307568438 0.2576489533011272 0.08856682769726248
0 0.23349436392914655 0.5253623188405797 0.18679549114331723 0.07246376811594203
0 0.24677938808373592 0.5152979066022544 0.14412238325281804 0.0748792270531401
0 0.27616747181964574 0.5181159420289855 0.12077294685990338 0.04669887278582931
0 0.33172302737520126 0.5124798711755234 0.10628019323671498 0.040257648953301126
0 0.3530595813204509 0.5112721417069244 0.09742351046698873 0.039452495974235106
0 0.3538647342995169 0.5052334943639292 0.07809983896940419 0.03864734299516908
0 0.3635265700483092 0.5052334943639292 0.09581320450885668 0.03542673107890499
0 0.3969404186795491 0.4939613526570048 0.06280193236714976 0.028985507246376812
5 0.46497584541062803 0.49476650563607083 0.005636070853462158 0.014492753623188406
0 0.5515297906602254 0.5104669887278583 0.04186795491143317 0.033011272141706925
0 0.5140901771336553 0.4963768115942029 0.018518518518518517 0.014492753623188406
