1 0.10668276972624799 0.5418679549114331 0.21336553945249598 0.21658615136876005
0 0.8534621578099839 0.5756843800322061 0.2914653784219002 0.14895330112721417
0 0.7089371980676329 0.5466988727858293 0.1537842190016103 0.11030595813204509
1 0.06521739130434782 0.5088566827697263 0.13043478260869565 0.13768115942028986
0 0.6819645732689211 0.5104669887278583 0.09822866344605476 0.07971014492753623
1 0.4915458937198068 0.4967793880837359 0.03462157809983897 0.036231884057971016
1 0.7338969404186796 0.4826892109500805 0.15056360708534622 0.05636070853462158
0 0.37077294685990336 0.5036231884057971 0.0426731078904992 0.027375201288244767
0 0.31803542673107893 0.49798711755233493 0.05152979066022544 0.037037037037037035
0 0.5990338164251208 0.4971819645732689 0.04669887278582931 0.027375201288244767
1 0.5370370370370371 0.48188405797101447 0.024154589371980676 0.027375201288244767
2 0.5060386473429952 0.4778582930756844 0.023349436392914653 0.037037037037037035
0 0.2250402576489533 0.5032206119162641 0.06360708534621579 0.02818035426731079
