0 0.8731884057971014 0.5640096618357487 0.25201288244766507 0.1723027375201288
0 0.7073268921095008 0.5595813204508857 0.21336553945249598 0.1247987117552335
0 0.5841384863123994 0.5148953301127214 0.071658615136876 0.05958132045088567
0 0.2665056360708535 0.5193236714975845 0.1706924315619968 0.06038647342995169
0 0.3035426731078905 0.5052334943639292 0.10628019323671498 0.05636070853462158
0 0.35990338164251207 0.5056360708534622 0.0853462157809984 0.033011272141706925
0 0.37640901771336555 0.5032206119162641 0.07971014492753623 0.033011272141706925
0 0.4078099838969404 0.4915458937198068 0.05555555555555555 0.02576489533011272
5 0.4677938808373591 0.49074074074074076 0.004830917874396135 0.01288244766505636
0 0.5410628019323671 0.5028180354267311 0.03542673107890499 0.027375201288244767
0 0.5116747181964574 0.4923510466988728 0.016908212560386472 0.01288244766505636
