0 0.5640096618357487 0.5157004830917874 0.0571658615136876 0.043478260869565216
0 0.143317230273752 0.5829307568438004 0.286634460547504 0.13446054750402575
0 0.8019323671497585 0.5116747181964574 0.20772946859903382 0.05958132045088567
0 0.75 0.49838969404186795 0.16022544283413848 0.06360708534621579
0 0.35466988727858295 0.5165056360708534 0.05394524959742351 0.03864734299516908
0 0.25885668276972623 0.5366344605475041 0.107085346215781 0.061191626409017714
0 0.6803542673107891 0.500402576489533 0.1143317230273752 0.040257648953301126
0 0.39371980676328505 0.5088566827697263 0.03542673107890499 0.0249597423510467
0 0.9110305958132046 0.48711755233494364 0.10547504025764895 0.03462157809983897
0 0.8715780998389694 0.4863123993558776 0.09903381642512077 0.02818035426731079
1 0.9690016103059581 0.47987117552334946 0.06038647342995169 0.050724637681159424
