0 0.7564412238325282 0.5144927536231884 0.2616747181964573 0.09259259259259259
0 0.9577294685990339 0.4822866344605475 0.08293075684380032 0.03462157809983897
0 0.9404186795491143 0.48389694041867953 0.1143317230273752 0.033011272141706925
0 0.3442028985507246 0.5201288244766505 0.06521739130434782 0.04750402576489533
0 0.41827697262479874 0.5140901771336553 0.0571658615136876 0.043478260869565216
0 0.678743961352657 0.48792270531400966 0.10144927536231885 0.03784219001610306
0 0.7677133655394525 0.48429951690821255 0.050724637681159424 0.027375201288244767
1 0.8586956521739131 0.4778582930756844 0.05877616747181964 0.0322061191626409
0 0.8007246376811594 0.48470209339774556 0.05555555555555555 0.0249597423510467
0 0.37077294685990336 0.5144927536231884 0.05555555555555555 0.036231884057971016
0 0.533816425120773 0.500805152979066 0.033816425120772944 0.023349436392914653
0 0.4883252818035427 0.5024154589371981 0.023349436392914653 0.018518518518518517
