0 0.9037842190016103 0.5772946859903382 0.19082125603864733 0.1457326892109501
0 0.7640901771336553 0.5591787439613527 0.21900161030595813 0.12077294685990338
0 0.2745571658615137 0.5515297906602254 0.1819645732689211 0.11191626409017713
0 0.3639291465378422 0.5322061191626409 0.09017713365539452 0.06521739130434782
0 0.644524959742351 0.5281803542673108 0.10064412238325282 0.06521739130434782
0 0.4102254428341385 0.5152979066022544 0.05877616747181964 0.04911433172302738
0 0.46215780998389694 0.5084541062801933 0.0499194847020934 0.033816425120772944
0 0.6038647342995169 0.5132850241545893 0.04669887278582931 0.043478260869565216
0 0.5466988727858293 0.5040257648953301 0.04508856682769726 0.023349436392914653
2 0.6578099838969405 0.48027375201288247 0.03864734299516908 0.030595813204508857
