0 0.19041867954911434 0.4919484702093398 0.05877616747181964 0.04428341384863124
0 0.23550724637681159 0.4963768115942029 0.0571658615136876 0.0322061191626409
0 0.2918679549114332 0.4939613526570048 0.06521739130434782 0.027375201288244767
1 0.4363929146537842 0.48993558776167473 0.057971014492753624 0.0322061191626409
0 0.4601449275362319 0.49074074074074076 0.04428341384863124 0.020933977455716585
0 0.4967793880837359 0.48993558776167473 0.04669887278582931 0.02254428341384863
0 0.5241545893719807 0.4915458937198068 0.0499194847020934 0.017713365539452495
0 0.5487117552334944 0.4915458937198068 0.036231884057971016 0.017713365539452495
0 0.5680354267310789 0.4915458937198068 0.04106280193236715 0.01610305958132045
0 0.5893719806763285 0.48993558776167473 0.04669887278582931 0.01610305958132045
1 0.6223832528180354 0.4855072463768116 0.04830917874396135 0.023349436392914653
0 0.6409017713365539 0.48792270531400966 0.04186795491143317 0.015297906602254429
0 0.6566022544283414 0.48752012882447665 0.036231884057971016 0.014492753623188406
