0 0.4951651893634166 0.5145044319097501 0.060435132957292505 0.0547945205479452
0 0.05842062852538275 0.5560032232070911 0.1168412570507655 0.10556003223207092
0 0.1506849315068493 0.572522159548751 0.3013698630136986 0.1563255439161966
0 0.22683319903303786 0.5221595487510072 0.10394842868654311 0.04915390813859791
0 0.34730056406124094 0.5205479452054794 0.08380338436744561 0.055600322320709106
0 0.3944399677679291 0.5088638195004029 0.0427074939564867 0.029008863819500404
0 0.41901692183722805 0.5044319097502015 0.03384367445608381 0.023368251410153102
0 0.2127316680096696 0.5149073327961321 0.08380338436744561 0.0362610797743755
0 0.2639000805801773 0.5096696212731668 0.052377115229653506 0.0273972602739726
1 0.3533440773569702 0.49879129734085415 0.029814665592264304 0.021756647864625302
