0 0.4963768115942029 0.5072463768115942 0.039452495974235106 0.03784219001610306
0 0.30917874396135264 0.5185185185185185 0.07085346215780998 0.039452495974235106
0 0.6936392914653784 0.5241545893719807 0.16344605475040258 0.07971014492753623
0 0.6139291465378421 0.5116747181964574 0.11030595813204509 0.04669887278582931
0 0.6018518518518519 0.5080515297906603 0.0893719806763285 0.039452495974235106
0 0.5946054750402576 0.5020128824476651 0.07648953301127215 0.037037037037037035
1 0.5628019323671497 0.4963768115942029 0.07085346215780998 0.033816425120772944
0 0.5503220611916264 0.49838969404186795 0.05555555555555555 0.021739130434782608
0 0.3309178743961353 0.5020128824476651 0.043478260869565216 0.02576489533011272
1 0.4396135265700483 0.4887278582930757 0.02576489533011272 0.023349436392914653
0 0.3534621578099839 0.500805152979066 0.033816425120772944 0.021739130434782608
0 0.4025764895330113 0.4963768115942029 0.020933977455716585 0.01288244766505636
0 0.3059581320450886 0.499597423510467 0.027375201288244767 0.01932367149758454
0 0.10909822866344605 0.5028180354267311 0.033011272141706925 0.020933977455716585
