0 0.15982286634460546 0.5752818035426731 0.3196457326892109 0.1497584541062802
0 0.8595008051529791 0.572463768115942 0.27938808373590984 0.15539452495974235
1 0.9496779388083736 0.49557165861513686 0.09903381642512077 0.10144927536231885
1 0.8872785829307569 0.5020128824476651 0.22383252818035426 0.10628019323671498
0 0.3103864734299517 0.5414653784219001 0.12318840579710146 0.08373590982286634
0 0.3687600644122383 0.5225442834138486 0.08695652173913043 0.05555555555555555
0 0.7914653784219001 0.5040257648953301 0.08856682769726248 0.04911433172302738
0 0.7210144927536232 0.5044283413848631 0.08132045088566828 0.040257648953301126
0 0.6867954911433173 0.5024154589371981 0.06924315619967794 0.036231884057971016
0 0.6755233494363929 0.5028180354267311 0.07085346215780998 0.0322061191626409
0 0.5656199677938808 0.5112721417069244 0.05233494363929147 0.04106280193236715
0 0.42310789049919484 0.5076489533011272 0.04750402576489533 0.033816425120772944
1 0.4359903381642512 0.5020128824476651 0.04106280193236715 0.03542673107890499
0 0.6038647342995169 0.49557165861513686 0.05314009661835749 0.024154589371980676
2 0.5161030595813204 0.4867149758454106 0.03864734299516908 0.040257648953301126
