0 0.47381144238517325 0.5128928283642225 0.046736502820306204 0.041901692183722805
0 0.07856567284448025 0.5539887187751813 0.1571313456889605 0.11442385173247381
0 0.2594681708299758 0.5608380338436745 0.21112006446414183 0.1377921031426269
0 0.273972602739726 0.516116035455278 0.08380338436744561 0.0499597099113618
0 0.40451248992747785 0.5141015310233682 0.05962933118452861 0.04593070104754231
0 0.34891216760676874 0.508058017727639 0.041901692183722805 0.0257856567284448
0 0.23771152296535053 0.5116841257050766 0.064464141821112 0.031426269137792104
0 0.42224012892828366 0.5076551168412571 0.03384367445608381 0.0249798549556809
0 0.4371474617244158 0.5032232070910556 0.023368251410153102 0.017727639000805803
0 0.10193392425463337 0.5245769540692989 0.11845286059629331 0.05076551168412571
