0 0.49476228847703463 0.5185334407735697 0.06768734891216761 0.06124093473005641
0 0.08098307816277196 0.5491539081385979 0.16196615632554393 0.09186140209508462
0 0.19661563255439163 0.5604351329572925 0.22884770346494762 0.128928283642224
0 0.3597904915390814 0.5177276390008058 0.0652699435938759 0.041901692183722805
0 0.29331184528605964 0.5128928283642225 0.0692989524576954 0.038678485092667206
0 0.4008863819500403 0.508058017727639 0.04593070104754231 0.030620467365028204
0 0.09105560032232071 0.5249798549556809 0.1514907332796132 0.0547945205479452
0 0.19500402900886382 0.5132957292506044 0.0789685737308622 0.0362610797743755
1 0.33199033037872683 0.4991941982272361 0.037066881547139406 0.0257856567284448
0 0.5370668815471394 0.49959709911361805 0.016921837228041903 0.012087026591458501
