0 0.07246376811594203 0.5640096618357487 0.14492753623188406 0.1723027375201288
0 0.09581320450885668 0.5499194847020934 0.19162640901771336 0.11030595813204509
0 0.22181964573268922 0.5217391304347826 0.1956521739130435 0.06843800322061191
0 0.2946859903381642 0.5120772946859904 0.13526570048309178 0.061996779388083734
0 0.5990338164251208 0.5273752012882448 0.08695652173913043 0.061996779388083734
0 0.8586956521739131 0.5776972624798712 0.2809983896940419 0.14492753623188406
0 0.5515297906602254 0.5080515297906603 0.04669887278582931 0.039452495974235106
0 0.34782608695652173 0.5084541062801933 0.10144927536231885 0.037037037037037035
0 0.5398550724637681 0.5060386473429952 0.036231884057971016 0.02576489533011272
0 0.5281803542673108 0.501610305958132 0.02576489533011272 0.023349436392914653
