0 0.49557165861513686 0.5088566827697263 0.04750402576489533 0.039452495974235106
0 0.213768115942029 0.5418679549114331 0.18276972624798712 0.08454106280193237
0 0.2809983896940419 0.5305958132045089 0.13848631239935588 0.061996779388083734
0 0.3361513687600644 0.5124798711755234 0.08293075684380032 0.04186795491143317
0 0.42028985507246375 0.5173107890499195 0.06280193236714976 0.040257648953301126
0 0.38687600644122383 0.5040257648953301 0.06038647342995169 0.026570048309178744
1 0.7532206119162641 0.5233494363929146 0.3196457326892109 0.250402576489533
0 0.6014492753623188 0.5217391304347826 0.09017713365539452 0.06038647342995169
0 0.572866344605475 0.5144927536231884 0.06360708534621579 0.04106280193236715
0 0.5563607085346216 0.5048309178743962 0.043478260869565216 0.036231884057971016
0 0.5249597423510467 0.499194847020934 0.024154589371980676 0.018518518518518517
0 0.061191626409017714 0.5479066022544283 0.12238325281803543 0.08373590982286634
1 0.15458937198067632 0.5148953301127214 0.16586151368760063 0.08695652173913043
0 0.4923510466988728 0.5024154589371981 0.03140096618357488 0.02818035426731079
0 0.040257648953301126 0.5205314009661836 0.08051529790660225 0.04669887278582931
