0 0.026570048309178744 0.5921900161030595 0.05314009661835749 0.11594202898550725
0 0.15499194847020933 0.5623993558776168 0.21175523349436393 0.10144927536231885
0 0.9706119162640902 0.5084541062801933 0.0571658615136876 0.11272141706924316
0 0.9110305958132046 0.5060386473429952 0.17632850241545894 0.09339774557165861
0 0.8357487922705314 0.5060386473429952 0.19001610305958133 0.06924315619967794
0 0.3035426731078905 0.5297906602254429 0.0998389694041868 0.05394524959742351
0 0.6525764895330113 0.533011272141707 0.1280193236714976 0.08132045088566828
0 0.5986312399355878 0.5177133655394525 0.0748792270531401 0.0571658615136876
0 0.35185185185185186 0.5197262479871175 0.057971014492753624 0.040257648953301126
0 0.5640096618357487 0.5088566827697263 0.04750402576489533 0.033011272141706925
0 0.5495169082125604 0.5076489533011272 0.039452495974235106 0.027375201288244767
