0 0.1107085346215781 0.5837359098228664 0.2214170692431562 0.13123993558776167
0 0.34541062801932365 0.5458937198067633 0.10466988727858294 0.07648953301127215
0 0.22745571658615138 0.5523349436392915 0.14090177133655393 0.08132045088566828
5 0.6851851851851852 0.5418679549114331 0.10144927536231885 0.0861513687600644
0 0.9589371980676329 0.5233494363929146 0.08051529790660225 0.08776167471819646
5 0.7242351046698873 0.5483091787439613 0.11352657004830918 0.10225442834138486
0 0.41827697262479874 0.5213365539452496 0.04106280193236715 0.037037037037037035
0 0.4424315619967794 0.5128824476650563 0.021739130434782608 0.020128824476650563
1 0.45088566827697263 0.5048309178743962 0.017713365539452495 0.021739130434782608
0 0.5466988727858293 0.5128824476650563 0.07568438003220612 0.029790660225442835
0 0.5185185185185185 0.5104669887278583 0.05152979066022544 0.021739130434782608
1 0.39170692431562 0.5229468599033816 0.06843800322061191 0.061191626409017714
