0 0.4798549556809025 0.5068493150684932 0.0346494762288477 0.031426269137792104
0 0.13255439161966157 0.5705076551168412 0.26510878323932313 0.16035455278001612
0 0.10717163577759871 0.5378726833199033 0.18049959709911362 0.07413376309427881
0 0.24778404512489927 0.5177276390008058 0.09750201450443191 0.0547945205479452
0 0.36019339242546333 0.524174053182917 0.0854149879129734 0.05640612409347301
0 0.3178887993553586 0.5120870265914585 0.062046736502820304 0.035455278001611606
0 0.4186140209508461 0.5108783239323127 0.0427074939564867 0.029814665592264304
0 0.3859790491539081 0.5036261079774376 0.030620467365028204 0.020145044319097503
1 0.4411764705882353 0.4935535858178888 0.023368251410153102 0.0273972602739726
0 0.048751007252215955 0.5314262691377921 0.09750201450443191 0.06607574536663981
0 0.15390813859790492 0.5189363416599516 0.10153102336825141 0.0443190975020145
