0 0.4782608695652174 0.5120772946859904 0.04669887278582931 0.03784219001610306
0 0.14009661835748793 0.5462962962962963 0.26247987117552335 0.1143317230273752
0 0.3252818035426731 0.5148953301127214 0.10789049919484701 0.043478260869565216
0 0.3530595813204509 0.5116747181964574 0.0893719806763285 0.03542673107890499
0 0.43438003220611915 0.5072463768115942 0.04106280193236715 0.026570048309178744
1 0.5881642512077294 0.501207729468599 0.10225442834138486 0.09339774557165861
0 0.2210144927536232 0.5185185185185185 0.08454106280193237 0.0426731078904992
1 0.27053140096618356 0.5028180354267311 0.08373590982286634 0.05314009661835749
0 0.48429951690821255 0.5032206119162641 0.03140096618357488 0.02818035426731079
5 0.12278582930756844 0.5076489533011272 0.033011272141706925 0.030595813204508857
