0 0.644927536231884 0.499597423510467 0.12721417069243157 0.04508856682769726
0 0.966988727858293 0.47705314009661837 0.0644122383252818 0.03542673107890499
0 0.855072463768116 0.47987117552334946 0.08051529790660225 0.0249597423510467
0 0.8353462157809984 0.4806763285024155 0.07809983896940419 0.023349436392914653
0 0.4170692431561997 0.5048309178743962 0.037037037037037035 0.029790660225442835
0 0.4746376811594203 0.49838969404186795 0.0249597423510467 0.020128824476650563
0 0.6485507246376812 0.48993558776167473 0.071658615136876 0.027375201288244767
0 0.7290660225442834 0.48027375201288247 0.036231884057971016 0.020933977455716585
0 0.7572463768115942 0.4822866344605475 0.039452495974235106 0.020128824476650563
0 0.5458937198067633 0.4939613526570048 0.02576489533011272 0.017713365539452495
