0 0.5209339774557166 0.532608695652174 0.07890499194847021 0.07407407407407407
0 0.6356682769726248 0.5148953301127214 0.10547504025764895 0.0499194847020934
0 0.5857487922705314 0.5084541062801933 0.061996779388083734 0.030595813204508857
0 0.5664251207729468 0.5060386473429952 0.05555555555555555 0.02254428341384863
0 0.13486312399355876 0.5523349436392915 0.17954911433172302 0.08776167471819646
0 0.07809983896940419 0.5446859903381642 0.15619967793880837 0.06763285024154589
0 0.41223832528180354 0.5072463768115942 0.033816425120772944 0.023349436392914653
0 0.4601449275362319 0.5020128824476651 0.023349436392914653 0.01610305958132045
0 0.4867149758454106 0.49879227053140096 0.016908212560386472 0.01288244766505636
0 0.3031400966183575 0.5152979066022544 0.06360708534621579 0.03140096618357488
0 0.3365539452495974 0.5096618357487923 0.043478260869565216 0.029790660225442835
0 0.3804347826086957 0.5056360708534622 0.036231884057971016 0.020128824476650563
0 0.42592592592592593 0.5036231884057971 0.033816425120772944 0.014492753623188406
0 0.20491143317230273 0.5144927536231884 0.06682769726247988 0.03140096618357488
0 0.1932367149758454 0.5096618357487923 0.07085346215780998 0.023349436392914653
