0 0.10386473429951691 0.5833333333333334 0.20772946859903382 0.13365539452495975
0 0.2290660225442834 0.5462962962962963 0.14412238325281804 0.07568438003220612
0 0.2999194847020934 0.5314009661835749 0.08454106280193237 0.05233494363929147
0 0.3446054750402576 0.5205314009661836 0.06280193236714976 0.03864734299516908
0 0.750805152979066 0.4923510466988728 0.13446054750402575 0.0499194847020934
0 0.7198067632850241 0.49033816425120774 0.08856682769726248 0.04589371980676329
0 0.6916264090177133 0.49114331723027377 0.09339774557165861 0.04106280193236715
0 0.9778582930756844 0.4690016103059581 0.0426731078904992 0.037037037037037035
0 0.9597423510466989 0.47101449275362317 0.07890499194847021 0.03462157809983897
0 0.6574074074074074 0.49355877616747185 0.0861513687600644 0.03462157809983897
0 0.3832528180354267 0.5120772946859904 0.04508856682769726 0.02818035426731079
0 0.5615942028985508 0.5068438003220612 0.04589371980676329 0.03542673107890499
0 0.5487117552334944 0.5044283413848631 0.036231884057971016 0.030595813204508857
