0 0.4939613526570048 0.5132850241545893 0.0426731078904992 0.03542673107890499
0 0.2576489533011272 0.5370370370370371 0.15136876006441224 0.08132045088566828
1 0.32286634460547503 0.5060386473429952 0.16264090177133655 0.10466988727858294
0 0.3643317230273752 0.5189210950080515 0.10547504025764895 0.040257648953301126
0 0.43438003220611915 0.5 0.04750402576489533 0.023349436392914653
1 0.532608695652174 0.4967793880837359 0.03140096618357488 0.029790660225442835
0 0.4895330112721417 0.5056360708534622 0.027375201288244767 0.0249597423510467
1 0.3852657004830918 0.5084541062801933 0.10225442834138486 0.04669887278582931
0 0.03462157809983897 0.5225442834138486 0.06924315619967794 0.04589371980676329
0 0.08574879227053141 0.5422705314009661 0.17149758454106281 0.09339774557165861
0 0.20048309178743962 0.5197262479871175 0.1111111111111111 0.05636070853462158
2 0.27093397745571657 0.49033816425120774 0.07809983896940419 0.04911433172302738
