0 0.45893719806763283 0.5124798711755234 0.03864734299516908 0.030595813204508857
0 0.2640901771336554 0.5281803542673108 0.1320450885668277 0.05233494363929147
0 0.31199677938808373 0.5201288244766505 0.09581320450885668 0.04750402576489533
0 0.357487922705314 0.5140901771336553 0.08051529790660225 0.0322061191626409
0 0.38164251207729466 0.5116747181964574 0.05958132045088567 0.027375201288244767
1 0.39492753623188404 0.5032206119162641 0.061996779388083734 0.029790660225442835
0 0.6304347826086957 0.5479066022544283 0.13526570048309178 0.0966183574879227
0 0.5881642512077294 0.5314009661835749 0.07326892109500806 0.05877616747181964
0 0.5563607085346216 0.5201288244766505 0.061191626409017714 0.04589371980676329
2 0.5309983896940419 0.4887278582930757 0.06038647342995169 0.07809983896940419
0 0.1706924315619968 0.5173107890499195 0.07890499194847021 0.033816425120772944
0 0.47101449275362317 0.5076489533011272 0.028985507246376812 0.02576489533011272
