0 0.580177276390008 0.5201450443190975 0.06607574536663981 0.046736502820306204
0 0.05761482675261886 0.5789685737308622 0.11522965350523771 0.1434327155519742
0 0.5185334407735697 0.5012087026591459 0.0249798549556809 0.018533440773569703
0 0.25624496373892025 0.5547945205479452 0.1917808219178082 0.11120064464141821
0 0.1297340854149879 0.5358581788879936 0.16760676873489122 0.07332796132151491
0 0.3734891216760677 0.5141015310233682 0.060435132957292505 0.0427074939564867
0 0.2771958098307816 0.515310233682514 0.072522159548751 0.038678485092667206
1 0.3287671232876712 0.5044319097502015 0.043513295729250605 0.0346494762288477
0 0.41337630942788073 0.5064464141821112 0.03384367445608381 0.024174053182917002
1 0.36663980660757456 0.5008058017727639 0.040290088638195005 0.0273972602739726
0 0.4331184528605963 0.5028203062046737 0.023368251410153102 0.018533440773569703
0 0.48348106365834004 0.5028203062046737 0.024174053182917002 0.023368251410153102
