5 0.25483091787439616 0.5664251207729468 0.09259259259259259 0.13365539452495975
0 0.928743961352657 0.5768921095008052 0.14090177133655393 0.14653784219001612
0 0.8860708534621579 0.5547504025764896 0.22624798711755234 0.16666666666666666
0 0.20450885668276972 0.5277777777777778 0.20772946859903382 0.0644122383252818
0 0.26288244766505636 0.5233494363929146 0.16022544283413848 0.05394524959742351
0 0.30515297906602257 0.5136876006441223 0.0966183574879227 0.04106280193236715
0 0.5515297906602254 0.5148953301127214 0.06280193236714976 0.04508856682769726
0 0.3607085346215781 0.5060386473429952 0.07407407407407407 0.028985507246376812
0 0.5185185185185185 0.5 0.028985507246376812 0.0249597423510467
1 0.49597423510466987 0.4883252818035427 0.014492753623188406 0.017713365539452495
