0 0.4963768115942029 0.5064412238325282 0.03462157809983897 0.033011272141706925
0 0.9251207729468599 0.5644122383252818 0.14814814814814814 0.17149758454106281
0 0.8103864734299517 0.5507246376811594 0.21980676328502416 0.1280193236714976
0 0.6956521739130435 0.5309983896940419 0.1642512077294686 0.0821256038647343
0 0.642512077294686 0.5193236714975845 0.12721417069243157 0.06843800322061191
0 0.6235909822866345 0.5140901771336553 0.11513687600644122 0.0499194847020934
0 0.6026570048309179 0.5084541062801933 0.09903381642512077 0.04508856682769726
0 0.5837359098228664 0.5040257648953301 0.07729468599033816 0.029790660225442835
0 0.42069243156199676 0.5020128824476651 0.021739130434782608 0.01610305958132045
0 0.5579710144927537 0.499597423510467 0.057971014492753624 0.02254428341384863
0 0.5422705314009661 0.49838969404186795 0.04750402576489533 0.018518518518518517
1 0.533011272141707 0.4943639291465378 0.040257648953301126 0.018518518518518517
0 0.3977455716586151 0.4975845410628019 0.020933977455716585 0.015297906602254429
0 0.37681159420289856 0.4971819645732689 0.014492753623188406 0.011272141706924315
