0 0.11634460547504026 0.5410628019323671 0.23268921095008052 0.1360708534621578
0 0.8188405797101449 0.5789049919484702 0.3607085346215781 0.14251207729468598
0 0.5885668276972624 0.5245571658615137 0.08051529790660225 0.06602254428341385
0 0.17391304347826086 0.5414653784219001 0.21578099838969403 0.08373590982286634
0 0.24074074074074073 0.532608695652174 0.16264090177133655 0.06763285024154589
0 0.25925925925925924 0.5249597423510467 0.1723027375201288 0.06038647342995169
0 0.5595813204508857 0.5165056360708534 0.05636070853462158 0.03864734299516908
0 0.538647342995169 0.5088566827697263 0.03542673107890499 0.03140096618357488
0 0.37399355877616747 0.5052334943639292 0.06038647342995169 0.033816425120772944
0 0.40096618357487923 0.5064412238325282 0.05475040257648953 0.021739130434782608
