0 0.0785024154589372 0.5623993558776168 0.1570048309178744 0.14814814814814814
0 0.8663446054750402 0.5487117552334944 0.26570048309178745 0.09017713365539452
0 0.8027375201288245 0.5301932367149759 0.20450885668276972 0.08373590982286634
0 0.677938808373591 0.5124798711755234 0.143317230273752 0.05475040257648953
0 0.24557165861513688 0.5076489533011272 0.1706924315619968 0.0853462157809984
1 0.5454911433172303 0.49516908212560384 0.050724637681159424 0.050724637681159424
0 0.3389694041867955 0.5064412238325282 0.10628019323671498 0.03462157809983897
0 0.37278582930756843 0.501610305958132 0.08695652173913043 0.036231884057971016
1 0.5209339774557166 0.4915458937198068 0.028985507246376812 0.033816425120772944
1 0.4307568438003221 0.4887278582930757 0.05152979066022544 0.0249597423510467
