0 0.6739130434782609 0.5064412238325282 0.16586151368760063 0.05877616747181964
0 0.8917069243156199 0.4810789049919485 0.09420289855072464 0.028985507246376812
0 0.8663446054750402 0.48148148148148145 0.09017713365539452 0.026570048309178744
0 0.8454106280193237 0.4830917874396135 0.09017713365539452 0.026570048309178744
0 0.3856682769726248 0.5136876006441223 0.04508856682769726 0.036231884057971016
0 0.4492753623188406 0.5044283413848631 0.033816425120772944 0.02576489533011272
0 0.6561996779388084 0.4927536231884058 0.0821256038647343 0.03140096618357488
0 0.7379227053140096 0.4822866344605475 0.04106280193236715 0.023349436392914653
1 0.8184380032206119 0.47946859903381644 0.04589371980676329 0.027375201288244767
0 0.7673107890499195 0.48389694041867953 0.04508856682769726 0.021739130434782608
0 0.40177133655394526 0.5112721417069244 0.040257648953301126 0.02818035426731079
0 0.5362318840579711 0.499194847020934 0.028985507246376812 0.020128824476650563
0 0.4971819645732689 0.500805152979066 0.020128824476650563 0.016908212560386472
