1 0.787842190016103 0.499597423510467 0.34057971014492755 0.30112721417069244
0 0.6312399355877617 0.5237520128824477 0.12238325281803543 0.0998389694041868
0 0.5889694041867954 0.5193236714975845 0.07809983896940419 0.05555555555555555
0 0.537842190016103 0.5108695652173914 0.04830917874396135 0.033816425120772944
0 0.07206119162640902 0.5322061191626409 0.08293075684380032 0.04911433172302738
5 0.4005636070853462 0.5068438003220612 0.012077294685990338 0.030595813204508857
0 0.3743961352657005 0.5144927536231884 0.037037037037037035 0.029790660225442835
0 0.5072463768115942 0.5056360708534622 0.043478260869565216 0.03140096618357488
0 0.47342995169082125 0.5048309178743962 0.030595813204508857 0.020128824476650563
5 0.41505636070853463 0.5060386473429952 0.012077294685990338 0.027375201288244767
