0 0.4935535858178888 0.5193392425463336 0.07010475423045931 0.06285253827558421
0 0.031829170024174055 0.5527800161160354 0.06365834004834811 0.0926672038678485
0 0.11482675261885576 0.5741337630942788 0.22965350523771152 0.15310233682514102
0 0.3356164383561644 0.5221595487510072 0.08138597904915391 0.05076551168412571
0 0.26591458501208703 0.515713134568896 0.08380338436744561 0.0443190975020145
0 0.38920225624496374 0.5092667203867849 0.0531829170024174 0.0346494762288477
0 0.055197421434327154 0.5298146655922643 0.11039484286865431 0.064464141821112
0 0.15269943593875906 0.515310233682514 0.09750201450443191 0.041901692183722805
1 0.32070910556003224 0.4991941982272361 0.041901692183722805 0.0273972602739726
0 0.5495568090249798 0.5 0.017727639000805803 0.011281224818694601
