0 0.5 0.5185185185185185 0.057971014492753624 0.04750402576489533
0 0.0607890499194847 0.5201288244766505 0.1215780998389694 0.07326892109500806
1 0.6497584541062802 0.5165056360708534 0.12399355877616747 0.10950080515297907
1 0.18719806763285024 0.5020128824476651 0.09903381642512077 0.05152979066022544
0 0.31521739130434784 0.5169082125603864 0.12640901771336555 0.06521739130434782
0 0.3393719806763285 0.5144927536231884 0.11513687600644122 0.04750402576489533
0 0.3679549114331723 0.5140901771336553 0.10628019323671498 0.040257648953301126
0 0.40700483091787437 0.5048309178743962 0.06682769726247988 0.03140096618357488
0 0.4331723027375201 0.499194847020934 0.0499194847020934 0.020128824476650563
0 0.5817230273752013 0.5108695652173914 0.05394524959742351 0.03542673107890499
0 0.5636070853462157 0.5032206119162641 0.04186795491143317 0.033011272141706925
0 0.48993558776167473 0.5060386473429952 0.033011272141706925 0.030595813204508857
0 0.2427536231884058 0.499597423510467 0.06360708534621579 0.027375201288244767
