0 0.5040257648953301 0.5173107890499195 0.05314009661835749 0.0499194847020934
0 0.7041062801932367 0.5305958132045089 0.1392914653784219 0.08293075684380032
0 0.6211755233494364 0.5144927536231884 0.10547504025764895 0.04750402576489533
0 0.26811594202898553 0.5261674718196457 0.11272141706924316 0.061191626409017714
0 0.055152979066022546 0.5462962962962963 0.11030595813204509 0.07890499194847021
0 0.1529790660225443 0.5245571658615137 0.12238325281803543 0.0644122383252818
0 0.4033816425120773 0.5064412238325282 0.04830917874396135 0.026570048309178744
0 0.4786634460547504 0.49597423510466987 0.023349436392914653 0.018518518518518517
0 0.2898550724637681 0.5112721417069244 0.07246376811594203 0.03462157809983897
0 0.3808373590982287 0.5052334943639292 0.04830917874396135 0.020933977455716585
0 0.5398550724637681 0.49597423510466987 0.020128824476650563 0.013687600644122383
0 0.19524959742351047 0.5132850241545893 0.08776167471819646 0.033816425120772944
