0 0.49476650563607083 0.5080515297906603 0.036231884057971016 0.03462157809983897
0 0.928743961352657 0.5744766505636071 0.14090177133655393 0.15136876006441224
0 0.8140096618357487 0.5599838969404187 0.2528180354267311 0.16264090177133655
0 0.7246376811594203 0.5370370370370371 0.1642512077294686 0.09098228663446055
0 0.6666666666666666 0.5233494363929146 0.14492753623188406 0.06360708534621579
0 0.4102254428341385 0.5028180354267311 0.0249597423510467 0.01610305958132045
0 0.3079710144927536 0.5225442834138486 0.0748792270531401 0.04428341384863124
0 0.5909822866344605 0.5076489533011272 0.08856682769726248 0.037037037037037035
0 0.5632045088566827 0.5036231884057971 0.06682769726247988 0.027375201288244767
1 0.5414653784219001 0.49597423510466987 0.05233494363929147 0.0249597423510467
0 0.3675523349436393 0.500402576489533 0.029790660225442835 0.01932367149758454
0 0.3820450885668277 0.500402576489533 0.0249597423510467 0.01610305958132045
0 0.3446054750402576 0.499597423510467 0.01932367149758454 0.014492753623188406
