0 0.9339774557165862 0.5813204508856683 0.13043478260869565 0.13768115942028986
0 0.8309178743961353 0.5438808373590982 0.2898550724637681 0.08695652173913043
0 0.20813204508856684 0.534219001610306 0.21658615136876005 0.07407407407407407
0 0.5277777777777778 0.5072463768115942 0.0249597423510467 0.018518518518518517
0 0.40096618357487923 0.5080515297906603 0.06763285024154589 0.0249597423510467
0 0.607085346215781 0.5132850241545893 0.08051529790660225 0.030595813204508857
0 0.3305152979066023 0.5205314009661836 0.1215780998389694 0.04508856682769726
0 0.2725442834138486 0.5277777777777778 0.17310789049919484 0.061191626409017714
0 0.6763285024154589 0.5197262479871175 0.11272141706924316 0.04669887278582931
0 0.7041062801932367 0.5245571658615137 0.1280193236714976 0.04830917874396135
