0 0.4758454106280193 0.5128824476650563 0.04669887278582931 0.03784219001610306
0 0.25684380032206117 0.5768921095008052 0.22383252818035426 0.14653784219001612
0 0.34541062801932365 0.5426731078904992 0.1143317230273752 0.07971014492753623
0 0.24194847020933977 0.53341384863124 0.1280193236714976 0.0644122383252818
0 0.3325281803542673 0.5132850241545893 0.0821256038647343 0.03542673107890499
0 0.4367954911433172 0.5044283413848631 0.03140096618357488 0.02254428341384863
0 0.3969404186795491 0.500402576489533 0.05314009661835749 0.020933977455716585
0 0.8615136876006442 0.5917874396135265 0.2753623188405797 0.11674718196457327
0 0.6936392914653784 0.5599838969404187 0.18438003220611915 0.1320450885668277
0 0.5370370370370371 0.5092592592592593 0.043478260869565216 0.0322061191626409
2 0.5309983896940419 0.4859098228663446 0.05233494363929147 0.05958132045088567
0 0.1469404186795491 0.5128824476650563 0.0893719806763285 0.033011272141706925
0 0.47906602254428343 0.5040257648953301 0.028985507246376812 0.026570048309178744
0 0.01610305958132045 0.5237520128824477 0.0322061191626409 0.04669887278582931
