0 0.4867149758454106 0.501610305958132 0.020128824476650563 0.018518518518518517
0 0.29508856682769724 0.5623993558776168 0.17310789049919484 0.11594202898550725
0 0.8409822866344605 0.571256038647343 0.3164251207729469 0.15780998389694043
0 0.7069243156199678 0.5636070853462157 0.18679549114331723 0.1537842190016103
0 0.5825281803542673 0.5221417069243156 0.07648953301127215 0.05636070853462158
0 0.535024154589372 0.5068438003220612 0.033011272141706925 0.028985507246376812
0 0.5603864734299517 0.5136876006441223 0.05314009661835749 0.04428341384863124
0 0.2995169082125604 0.5136876006441223 0.06924315619967794 0.0249597423510467
0 0.21175523349436393 0.5148953301127214 0.07729468599033816 0.02576489533011272
0 0.5197262479871175 0.501207729468599 0.021739130434782608 0.017713365539452495
