0 0.4939613526570048 0.5068438003220612 0.03784219001610306 0.03542673107890499
0 0.8872785829307569 0.5684380032206119 0.22383252818035426 0.16344605475040258
0 0.7588566827697263 0.5434782608695652 0.2037037037037037 0.10386473429951691
0 0.3864734299516908 0.5044283413848631 0.033816425120772944 0.020933977455716585
0 0.10426731078904992 0.5623993558776168 0.20853462157809985 0.10789049919484701
0 0.6155394524959742 0.5088566827697263 0.107085346215781 0.04589371980676329
0 0.5756843800322061 0.5044283413848631 0.08051529790660225 0.0322061191626409
1 0.5471014492753623 0.4963768115942029 0.05877616747181964 0.027375201288244767
0 0.35426731078904994 0.500402576489533 0.033816425120772944 0.020933977455716585
0 0.37037037037037035 0.49838969404186795 0.027375201288244767 0.018518518518518517
0 0.40901771336553944 0.4963768115942029 0.01932367149758454 0.011272141706924315
0 0.3305152979066023 0.499597423510467 0.021739130434782608 0.01610305958132045
