0 0.033011272141706925 0.5917874396135265 0.06602254428341385 0.11674718196457327
0 0.1356682769726248 0.5688405797101449 0.22624798711755234 0.10950080515297907
0 0.25684380032206117 0.5410628019323671 0.1143317230273752 0.06682769726247988
0 0.321256038647343 0.5277777777777778 0.07729468599033816 0.04508856682769726
0 0.8063607085346216 0.4943639291465378 0.1682769726247987 0.06038647342995169
0 0.7600644122383253 0.49114331723027377 0.10789049919484701 0.05394524959742351
0 0.7238325281803543 0.4927536231884058 0.10950080515297907 0.04750402576489533
0 0.9879227053140096 0.4690016103059581 0.02254428341384863 0.03864734299516908
0 0.6811594202898551 0.4943639291465378 0.0998389694041868 0.039452495974235106
0 0.36996779388083734 0.5165056360708534 0.05394524959742351 0.0322061191626409
0 0.572866344605475 0.5104669887278583 0.0571658615136876 0.04106280193236715
0 0.5563607085346216 0.5060386473429952 0.04186795491143317 0.03542673107890499
