0 0.4939613526570048 0.5173107890499195 0.0426731078904992 0.03542673107890499
0 0.07326892109500806 0.5805152979066023 0.14653784219001612 0.1392914653784219
0 0.16867954911433172 0.5672302737520128 0.21336553945249598 0.13687600644122383
0 0.3079710144927536 0.5305958132045089 0.12640901771336555 0.06038647342995169
1 0.35507246376811596 0.5036231884057971 0.13526570048309178 0.08051529790660225
0 0.3808373590982287 0.5169082125603864 0.09178743961352658 0.03462157809983897
1 0.5305958132045089 0.499194847020934 0.028985507246376812 0.02818035426731079
0 0.4915458937198068 0.5076489533011272 0.026570048309178744 0.024154589371980676
1 0.3997584541062802 0.5100644122383253 0.0893719806763285 0.040257648953301126
0 0.016908212560386472 0.5209339774557166 0.033816425120772944 0.0571658615136876
0 0.08091787439613526 0.5213365539452496 0.11030595813204509 0.040257648953301126
0 0.15861513687600645 0.5318035426731079 0.15458937198067632 0.06763285024154589
0 0.25161030595813205 0.5181159420289855 0.08293075684380032 0.04669887278582931
2 0.2918679549114332 0.4975845410628019 0.06843800322061191 0.04428341384863124
