0 0.8973429951690821 0.5684380032206119 0.2037037037037037 0.16344605475040258
0 0.4029790660225443 0.539049919484702 0.15217391304347827 0.09178743961352658
0 0.7991143317230274 0.5756843800322061 0.2745571658615137 0.14895330112721417
0 0.7085346215780999 0.5398550724637681 0.14009661835748793 0.10144927536231885
0 0.9573268921095008 0.4943639291465378 0.08373590982286634 0.061996779388083734
1 0.9070048309178744 0.4927536231884058 0.15056360708534622 0.071658615136876
1 0.8087761674718197 0.49838969404186795 0.12962962962962962 0.06360708534621579
0 0.4722222222222222 0.5064412238325282 0.05394524959742351 0.036231884057971016
0 0.7363123993558777 0.49597423510466987 0.06843800322061191 0.03140096618357488
0 0.6151368760064412 0.501610305958132 0.037037037037037035 0.03140096618357488
0 0.5052334943639292 0.5 0.036231884057971016 0.026570048309178744
2 0.5817230273752013 0.4830917874396135 0.036231884057971016 0.036231884057971016
