1 0.40982286634460546 0.5100644122383253 0.06602254428341385 0.07246376811594203
1 0.8719806763285024 0.4887278582930757 0.25442834138486314 0.1215780998389694
0 0.17592592592592593 0.5265700483091788 0.12318840579710146 0.0571658615136876
0 0.07125603864734299 0.5201288244766505 0.14251207729468598 0.07809983896940419
0 0.33373590982286633 0.5052334943639292 0.05233494363929147 0.037037037037037035
0 0.6099033816425121 0.5100644122383253 0.09259259259259259 0.0499194847020934
0 0.4561191626409018 0.49315619967793883 0.03140096618357488 0.028985507246376812
1 0.49516908212560384 0.48389694041867953 0.03542673107890499 0.036231884057971016
0 0.6702898550724637 0.5056360708534622 0.09742351046698873 0.05233494363929147
0 0.7447665056360708 0.5064412238325282 0.1143317230273752 0.04428341384863124
2 0.45169082125603865 0.47946859903381644 0.03542673107890499 0.05152979066022544
