0 0.5060386473429952 0.5120772946859904 0.050724637681159424 0.04106280193236715
0 0.16666666666666666 0.57085346215781 0.2431561996779388 0.15861513687600645
0 0.2528180354267311 0.5398550724637681 0.16747181964573268 0.0966183574879227
0 0.37922705314009664 0.5116747181964574 0.10628019323671498 0.043478260869565216
0 0.40458937198067635 0.5032206119162641 0.06521739130434782 0.03140096618357488
0 0.4174718196457327 0.501610305958132 0.06521739130434782 0.02818035426731079
1 0.4533011272141707 0.48752012882447665 0.0499194847020934 0.02576489533011272
0 0.783011272141707 0.5515297906602254 0.24879227053140096 0.13768115942028986
0 0.6513687600644122 0.5241545893719807 0.0966183574879227 0.05877616747181964
0 0.6099033816425121 0.5144927536231884 0.06521739130434782 0.04106280193236715
0 0.5913848631239935 0.5024154589371981 0.05555555555555555 0.04106280193236715
0 0.049516908212560384 0.5430756843800322 0.09903381642512077 0.08856682769726248
0 0.29871175523349436 0.5048309178743962 0.07729468599033816 0.03784219001610306
0 0.5044283413848631 0.4975845410628019 0.029790660225442835 0.026570048309178744
0 0.1461352657004831 0.5281803542673108 0.15539452495974235 0.06682769726247988
1 0.7334943639291466 0.48993558776167473 0.10466988727858294 0.040257648953301126
