0 0.17391304347826086 0.5793075684380032 0.34782608695652173 0.14170692431561996
0 0.855877616747182 0.5668276972624798 0.286634460547504 0.16666666666666666
0 0.37318840579710144 0.5205314009661836 0.08293075684380032 0.07085346215780998
0 0.4001610305958132 0.5124798711755234 0.07890499194847021 0.04669887278582931
0 0.6312399355877617 0.4830917874396135 0.05475040257648953 0.018518518518518517
0 0.7620772946859904 0.5507246376811594 0.1280193236714976 0.11674718196457327
0 0.788647342995169 0.5209339774557166 0.11996779388083736 0.07971014492753623
0 0.6735104669887279 0.4967793880837359 0.11996779388083736 0.04428341384863124
0 0.9722222222222222 0.5080515297906603 0.05394524959742351 0.05394524959742351
0 0.8820450885668277 0.4963768115942029 0.09581320450885668 0.0322061191626409
