0 0.32971014492753625 0.49033816425120774 0.04750402576489533 0.036231884057971016
0 0.36231884057971014 0.49355877616747185 0.04669887278582931 0.026570048309178744
0 0.4074074074074074 0.4915458937198068 0.05475040257648953 0.02254428341384863
1 0.5314009661835749 0.4867149758454106 0.05314009661835749 0.028985507246376812
0 0.5523349436392915 0.4883252818035427 0.040257648953301126 0.01932367149758454
0 0.5865539452495975 0.48711755233494364 0.0426731078904992 0.020128824476650563
0 0.6123188405797102 0.4895330112721417 0.04750402576489533 0.016908212560386472
0 0.6356682769726248 0.4895330112721417 0.03462157809983897 0.016908212560386472
0 0.6549919484702094 0.48993558776167473 0.039452495974235106 0.01610305958132045
0 0.6759259259259259 0.4883252818035427 0.04589371980676329 0.01610305958132045
1 0.711352657004831 0.4834943639291465 0.04911433172302738 0.02254428341384863
0 0.7294685990338164 0.4855072463768116 0.043478260869565216 0.015297906602254429
0 0.7467793880837359 0.4863123993558776 0.03784219001610306 0.013687600644122383
