0 0.5048309178743962 0.5116747181964574 0.0499194847020934 0.040257648953301126
0 0.09943639291465378 0.571256038647343 0.19887278582930756 0.15780998389694043
0 0.34098228663446056 0.5237520128824477 0.13768115942028986 0.05958132045088567
0 0.3824476650563607 0.5092592592592593 0.07890499194847021 0.03864734299516908
0 0.3993558776167472 0.5048309178743962 0.07729468599033816 0.033011272141706925
0 0.4194847020933977 0.500402576489533 0.06280193236714976 0.024154589371980676
1 0.44605475040257647 0.49074074074074076 0.05475040257648953 0.028985507246376812
0 0.8860708534621579 0.5567632850241546 0.22624798711755234 0.18679549114331723
0 0.7254428341384863 0.5462962962962963 0.1642512077294686 0.09178743961352658
0 0.643719806763285 0.5261674718196457 0.09259259259259259 0.05636070853462158
0 0.6095008051529791 0.5096618357487923 0.07085346215780998 0.050724637681159424
0 0.6602254428341385 0.5020128824476651 0.08051529790660225 0.030595813204508857
0 0.14452495974235105 0.5265700483091788 0.18115942028985507 0.07004830917874397
0 0.24154589371980675 0.5132850241545893 0.10305958132045089 0.04830917874396135
0 0.501610305958132 0.500805152979066 0.028985507246376812 0.026570048309178744
0 0.04750402576489533 0.5422705314009661 0.09500805152979067 0.09339774557165861
0 0.285829307568438 0.5080515297906603 0.06602254428341385 0.039452495974235106
1 0.7620772946859904 0.4967793880837359 0.1215780998389694 0.04589371980676329
0 0.061191626409017714 0.5144927536231884 0.12238325281803543 0.05233494363929147
