0 0.4834943639291465 0.5108695652173914 0.04589371980676329 0.037037037037037035
0 0.09178743961352658 0.573268921095008 0.18357487922705315 0.1537842190016103
0 0.2753623188405797 0.5297906602254429 0.14009661835748793 0.06843800322061191
0 0.34863123993558776 0.5136876006441223 0.10628019323671498 0.04750402576489533
0 0.4078099838969404 0.5024154589371981 0.06682769726247988 0.02818035426731079
0 0.8506441223832528 0.5760869565217391 0.2971014492753623 0.14814814814814814
0 0.5813204508856683 0.5128824476650563 0.057971014492753624 0.039452495974235106
1 0.5366344605475041 0.49315619967793883 0.03462157809983897 0.033816425120772944
0 0.21980676328502416 0.5169082125603864 0.09178743961352658 0.0426731078904992
0 0.4927536231884058 0.5024154589371981 0.030595813204508857 0.02818035426731079
0 0.14049919484702095 0.5084541062801933 0.09259259259259259 0.033816425120772944
