0 0.5028180354267311 0.5181159420289855 0.061996779388083734 0.057971014492753624
0 0.962157809983897 0.5599838969404187 0.07407407407407407 0.18035426731078905
1 0.711755233494364 0.5197262479871175 0.18840579710144928 0.11755233494363929
0 0.6231884057971014 0.5108695652173914 0.11272141706924316 0.05152979066022544
0 0.5688405797101449 0.49838969404186795 0.061996779388083734 0.026570048309178744
0 0.5483091787439613 0.4971819645732689 0.04186795491143317 0.01932367149758454
0 0.12117552334943639 0.5229468599033816 0.15217391304347827 0.0644122383252818
1 0.19082125603864733 0.5048309178743962 0.21900161030595813 0.14412238325281804
0 0.22745571658615138 0.5148953301127214 0.0861513687600644 0.043478260869565216
0 0.2898550724637681 0.5104669887278583 0.057971014492753624 0.02818035426731079
0 0.3643317230273752 0.501207729468599 0.03462157809983897 0.01932367149758454
0 0.3804347826086957 0.4975845410628019 0.026570048309178744 0.020128824476650563
0 0.40499194847020936 0.49597423510466987 0.02576489533011272 0.015297906602254429
0 0.4367954911433172 0.49476650563607083 0.0249597423510467 0.011272141706924315
0 0.9327697262479872 0.5084541062801933 0.1215780998389694 0.030595813204508857
0 0.1570048309178744 0.5116747181964574 0.06763285024154589 0.03542673107890499
