0 0.11352657004830918 0.5990338164251208 0.22705314009661837 0.10225442834138486
0 0.8377616747181964 0.5764895330112721 0.32286634460547503 0.1473429951690821
0 0.8711755233494364 0.5221417069243156 0.2528180354267311 0.07407407407407407
0 0.35829307568438 0.5225442834138486 0.0853462157809984 0.0571658615136876
0 0.5982286634460547 0.5217391304347826 0.07729468599033816 0.0571658615136876
1 0.3860708534621578 0.5048309178743962 0.06682769726247988 0.06038647342995169
0 0.5700483091787439 0.5128824476650563 0.0644122383252818 0.04428341384863124
1 0.2689210950080515 0.49557165861513686 0.14492753623188406 0.05314009661835749
1 0.4975845410628019 0.49315619967793883 0.020933977455716585 0.02254428341384863
1 0.643719806763285 0.48470209339774556 0.0893719806763285 0.03462157809983897
