5 0.0426731078904992 0.5740740740740741 0.0853462157809984 0.15217391304347827
5 0.2882447665056361 0.5398550724637681 0.06280193236714976 0.11272141706924316
0 0.7065217391304348 0.5523349436392915 0.1972624798711755 0.1360708534621578
0 0.6115136876006442 0.5209339774557166 0.10547504025764895 0.08776167471819646
0 0.5760869565217391 0.5080515297906603 0.071658615136876 0.06360708534621579
0 0.5583735909822867 0.5068438003220612 0.04750402576489533 0.04186795491143317
0 0.43800322061191627 0.4939613526570048 0.02254428341384863 0.02254428341384863
0 0.38003220611916266 0.5076489533011272 0.04669887278582931 0.033816425120772944
0 0.07528180354267311 0.5825281803542673 0.15056360708534622 0.13526570048309178
0 0.18478260869565216 0.5579710144927537 0.20209339774557167 0.11030595813204509
0 0.286634460547504 0.5314009661835749 0.11594202898550725 0.07004830917874397
0 0.34017713365539454 0.5152979066022544 0.0748792270531401 0.050724637681159424
