0 0.10507246376811594 0.5857487922705314 0.21014492753623187 0.1288244766505636
0 0.8904991948470209 0.5829307568438004 0.21739130434782608 0.13446054750402575
0 0.7262479871175523 0.5744766505636071 0.2576489533011272 0.14653784219001612
0 0.23993558776167473 0.572463768115942 0.23027375201288244 0.12640901771336555
0 0.33454106280193235 0.535426731078905 0.09420289855072464 0.06843800322061191
0 0.37962962962962965 0.5245571658615137 0.07004830917874397 0.04830917874396135
0 0.6239935587761675 0.5297906602254429 0.10950080515297907 0.07004830917874397
0 0.5885668276972624 0.5165056360708534 0.0644122383252818 0.04830917874396135
0 0.7725442834138486 0.499597423510467 0.10386473429951691 0.04669887278582931
0 0.5322061191626409 0.5036231884057971 0.0322061191626409 0.02254428341384863
0 0.4927536231884058 0.5032206119162641 0.02576489533011272 0.015297906602254429
0 0.4673913043478261 0.499194847020934 0.03140096618357488 0.013687600644122383
5 0.42391304347826086 0.499194847020934 0.013687600644122383 0.015297906602254429
