0 0.604351329572925 0.5261885576148267 0.08702659145850121 0.058823529411764705
0 0.282433521353747 0.5439161966156325 0.1587429492344883 0.10394842868654311
0 0.5314262691377921 0.5020145044319098 0.031426269137792104 0.023368251410153102
0 0.08904109589041095 0.5419016921837227 0.1780821917808219 0.09024979854955681
0 0.3662369057211926 0.5201450443190975 0.07977437550362611 0.0531829170024174
0 0.266317485898469 0.5181305398871877 0.08138597904915391 0.0427074939564867
0 0.3259468170829976 0.5108783239323127 0.04915390813859791 0.029814665592264304
1 0.3585817888799355 0.5012087026591459 0.03384367445608381 0.028203062046736505
0 0.4262691377921031 0.5032232070910556 0.0273972602739726 0.019339242546333603
1 0.3851732473811442 0.49798549556809024 0.032232070910556 0.023368251410153102
0 0.43674456083803387 0.5 0.020950846091861403 0.016116035455278
0 0.483883964544722 0.500402900886382 0.021756647864625302 0.020145044319097503
0 0.5044319097502015 0.4967767929089444 0.011281224818694601 0.011281224818694601
