0 0.4895330112721417 0.5144927536231884 0.04669887278582931 0.03784219001610306
0 0.04710144927536232 0.5688405797101449 0.09420289855072464 0.16264090177133655
0 0.286231884057971 0.5253623188405797 0.1360708534621578 0.057971014492753624
0 0.3280998389694042 0.5225442834138486 0.10869565217391304 0.04589371980676329
0 0.357890499194847 0.5116747181964574 0.07004830917874397 0.033816425120772944
0 0.4311594202898551 0.5157004830917874 0.04911433172302738 0.0322061191626409
1 0.6384863123993558 0.5112721417069244 0.15780998389694043 0.1360708534621578
0 0.571658615136876 0.5161030595813204 0.06602254428341385 0.04589371980676329
0 0.5181159420289855 0.501610305958132 0.021739130434782608 0.016908212560386472
0 0.14855072463768115 0.5297906602254429 0.1280193236714976 0.0571658615136876
1 0.2278582930756844 0.5092592592592593 0.11272141706924316 0.06602254428341385
0 0.48993558776167473 0.5064412238325282 0.03140096618357488 0.02818035426731079
0 0.1143317230273752 0.5165056360708534 0.08695652173913043 0.037037037037037035
5 0.02938808373590982 0.5165056360708534 0.04750402576489533 0.040257648953301126
