0 0.47300564061240935 0.5044319097502015 0.0273972602739726 0.0249798549556809
0 0.06124093473005641 0.5632554391619662 0.12248186946011282 0.10717163577759871
0 0.1563255439161966 0.5817888799355359 0.3126510878323932 0.1377921031426269
0 0.21716357775987108 0.5278001611603546 0.1168412570507655 0.057211925866236905
0 0.2784045124899275 0.5173247381144238 0.0652699435938759 0.0362610797743755
0 0.35294117647058826 0.5205479452054794 0.072522159548751 0.0427074939564867
1 0.4073327961321515 0.49717969379532634 0.0443190975020145 0.04915390813859791
0 0.4258662369057212 0.5052377115229654 0.023368251410153102 0.018533440773569703
0 0.040290088638195005 0.5350523771152297 0.08058017727639001 0.058823529411764705
0 0.13819500402900886 0.5189363416599516 0.11361804995970991 0.04915390813859791
0 0.2715551974214343 0.5104754230459307 0.05801772763900081 0.032232070910556
