0 0.6984702093397746 0.5503220611916264 0.21497584541062803 0.1529790660225443
0 0.0748792270531401 0.5752818035426731 0.1497584541062802 0.1497584541062802
0 0.10909822866344605 0.5591787439613527 0.2181964573268921 0.11594202898550725
0 0.14452495974235105 0.535829307568438 0.23107890499194847 0.08695652173913043
0 0.24838969404186795 0.5148953301127214 0.1972624798711755 0.07890499194847021
0 0.21256038647342995 0.5273752012882448 0.178743961352657 0.07971014492753623
0 0.6143317230273752 0.5265700483091788 0.10144927536231885 0.06682769726247988
0 0.2721417069243156 0.5116747181964574 0.13526570048309178 0.06602254428341385
0 0.30877616747181963 0.5144927536231884 0.11835748792270531 0.04911433172302738
0 0.3168276972624799 0.5096618357487923 0.1247987117552335 0.04750402576489533
0 0.3643317230273752 0.5024154589371981 0.0861513687600644 0.03140096618357488
0 0.3832528180354267 0.4971819645732689 0.06924315619967794 0.0322061191626409
0 0.5406602254428341 0.5036231884057971 0.036231884057971016 0.028985507246376812
0 0.5780998389694042 0.5152979066022544 0.06602254428341385 0.050724637681159424
0 0.5269726247987118 0.4971819645732689 0.026570048309178744 0.024154589371980676
