0 0.8538647342995169 0.572463768115942 0.29066022544283415 0.15539452495974235
0 0.10909822866344605 0.5780998389694042 0.2181964573268921 0.14412238325281804
0 0.32286634460547503 0.5225442834138486 0.0821256038647343 0.050724637681159424
0 0.3607085346215781 0.5161030595813204 0.057971014492753624 0.036231884057971016
0 0.3836553945249597 0.5104669887278583 0.04106280193236715 0.029790660225442835
0 0.40217391304347827 0.5076489533011272 0.036231884057971016 0.024154589371980676
0 0.6674718196457327 0.4891304347826087 0.0821256038647343 0.0322061191626409
0 0.6364734299516909 0.4895330112721417 0.061996779388083734 0.02818035426731079
0 0.9307568438003221 0.4742351046698873 0.10789049919484701 0.03140096618357488
0 0.895330112721417 0.4750402576489533 0.10144927536231885 0.03140096618357488
0 0.8731884057971014 0.47665056360708535 0.09903381642512077 0.026570048309178744
0 0.857487922705314 0.47665056360708535 0.09017713365539452 0.0249597423510467
0 0.5507246376811594 0.499597423510467 0.030595813204508857 0.024154589371980676
