0 0.8631239935587761 0.5801127214170693 0.2721417069243156 0.14009661835748793
0 0.09098228663446055 0.5607890499194848 0.1819645732689211 0.12238325281803543
0 0.1960547504025765 0.5305958132045089 0.1956521739130435 0.071658615136876
0 0.2560386473429952 0.5261674718196457 0.18357487922705315 0.061191626409017714
0 0.2773752012882448 0.5205314009661836 0.15217391304347827 0.05314009661835749
0 0.7129629629629629 0.5579710144927537 0.19082125603864733 0.1280193236714976
0 0.5768921095008052 0.5169082125603864 0.05555555555555555 0.039452495974235106
0 0.32971014492753625 0.5181159420289855 0.11030595813204509 0.04508856682769726
1 0.3474235104669887 0.5120772946859904 0.09259259259259259 0.04589371980676329
0 0.6252012882447665 0.5092592592592593 0.08293075684380032 0.027375201288244767
1 0.5289855072463768 0.49476650563607083 0.027375201288244767 0.028985507246376812
0 0.41223832528180354 0.5020128824476651 0.05636070853462158 0.01932367149758454
0 0.4255233494363929 0.49879227053140096 0.050724637681159424 0.020933977455716585
1 0.5173107890499195 0.4919484702093398 0.020128824476650563 0.023349436392914653
