0 0.8904991948470209 0.5434782608695652 0.21739130434782608 0.21336553945249598
0 0.29871175523349436 0.5297906602254429 0.10466988727858294 0.07004830917874397
0 0.32689210950080516 0.5450885668276972 0.17713365539452497 0.11352657004830918
0 0.7467793880837359 0.48711755233494364 0.13446054750402575 0.04911433172302738
0 0.8377616747181964 0.48148148148148145 0.06682769726247988 0.033011272141706925
1 0.9496779388083736 0.4750402576489533 0.08293075684380032 0.039452495974235106
0 0.8756038647342995 0.4822866344605475 0.0748792270531401 0.029790660225442835
0 0.3828502415458937 0.5120772946859904 0.04911433172302738 0.033011272141706925
0 0.35144927536231885 0.5193236714975845 0.07326892109500806 0.04750402576489533
0 0.5571658615136876 0.501207729468599 0.040257648953301126 0.028985507246376812
0 0.501610305958132 0.5024154589371981 0.027375201288244767 0.021739130434782608
0 0.4774557165861514 0.4919484702093398 0.030595813204508857 0.012077294685990338
