0 0.492344883158743 0.5132957292506044 0.0547945205479452 0.05076551168412571
1 0.12409347300564061 0.5068493150684932 0.24818694601128122 0.2876712328767123
0 0.09830781627719581 0.540290088638195 0.19661563255439163 0.08380338436744561
0 0.23892022562449639 0.5209508460918614 0.09427880741337631 0.0499597099113618
0 0.3432715551974214 0.523771152296535 0.09669621273166801 0.06688154713940371
0 0.31023368251410155 0.5108783239323127 0.05801772763900081 0.031426269137792104
0 0.3920225624496374 0.5088638195004029 0.04754230459307011 0.035455278001611606
0 0.4117647058823529 0.5044319097502015 0.030620467365028204 0.021756647864625302
0 0.4282836422240129 0.5020145044319098 0.0249798549556809 0.018533440773569703
0 0.27598710717163577 0.5100725221595488 0.055600322320709106 0.0265914585012087
