0 0.6710950080515298 0.5475040257648953 0.15861513687600645 0.11996779388083736
0 0.11594202898550725 0.5579710144927537 0.2318840579710145 0.12318840579710146
0 0.16183574879227053 0.5374396135265701 0.24798711755233493 0.09339774557165861
0 0.19404186795491143 0.5237520128824477 0.1819645732689211 0.09178743961352658
0 0.2359098228663446 0.5245571658615137 0.14653784219001612 0.05636070853462158
0 0.3079710144927536 0.5189210950080515 0.1247987117552335 0.04669887278582931
0 0.33413848631239934 0.5165056360708534 0.11272141706924316 0.04508856682769726
0 0.3389694041867955 0.5108695652173914 0.08856682769726248 0.043478260869565216
0 0.3494363929146538 0.5076489533011272 0.10789049919484701 0.040257648953301126
0 0.3723832528180354 0.5068438003220612 0.07648953301127215 0.030595813204508857
0 0.39009661835748793 0.49798711755233493 0.06682769726247988 0.030595813204508857
5 0.464573268921095 0.4967793880837359 0.00644122383252818 0.015297906602254429
0 0.5607890499194848 0.5144927536231884 0.04750402576489533 0.03784219001610306
0 0.6183574879227053 0.5044283413848631 0.08695652173913043 0.03542673107890499
0 0.5165056360708534 0.499194847020934 0.020128824476650563 0.015297906602254429
