0 0.9714170692431562 0.5805152979066023 0.05555555555555555 0.1392914653784219
0 0.8293075684380032 0.5748792270531401 0.3027375201288245 0.15056360708534622
0 0.2222222222222222 0.5648148148148148 0.23993558776167473 0.14009661835748793
0 0.34581320450885666 0.535426731078905 0.10547504025764895 0.07326892109500806
0 0.6618357487922706 0.5309983896940419 0.11755233494363929 0.07407407407407407
0 0.40096618357487923 0.5157004830917874 0.0644122383252818 0.05314009661835749
0 0.45893719806763283 0.5088566827697263 0.05314009661835749 0.036231884057971016
0 0.6115136876006442 0.5140901771336553 0.05394524959742351 0.04669887278582931
0 0.5466988727858293 0.5032206119162641 0.04669887278582931 0.0249597423510467
2 0.6606280193236715 0.4786634460547504 0.03784219001610306 0.030595813204508857
