0 0.4967793880837359 0.5068438003220612 0.040257648953301126 0.03864734299516908
0 0.2644927536231884 0.5273752012882448 0.09742351046698873 0.05233494363929147
0 0.7310789049919485 0.5322061191626409 0.18840579710144928 0.09742351046698873
0 0.6296296296296297 0.5132850241545893 0.12077294685990338 0.05152979066022544
0 0.6127214170692431 0.5100644122383253 0.0966183574879227 0.043478260869565216
0 0.6026570048309179 0.5036231884057971 0.08132045088566828 0.040257648953301126
1 0.5680354267310789 0.4967793880837359 0.0748792270531401 0.036231884057971016
0 0.5531400966183575 0.499194847020934 0.057971014492753624 0.023349436392914653
0 0.5370370370370371 0.49476650563607083 0.040257648953301126 0.01610305958132045
0 0.32286634460547503 0.5032206119162641 0.04669887278582931 0.026570048309178744
1 0.43438003220611915 0.4891304347826087 0.02818035426731079 0.02576489533011272
0 0.34863123993558776 0.501207729468599 0.03542673107890499 0.02254428341384863
0 0.3691626409017713 0.501207729468599 0.02818035426731079 0.01610305958132045
0 0.40136876006441224 0.4963768115942029 0.021739130434782608 0.01288244766505636
0 0.2995169082125604 0.500805152979066 0.028985507246376812 0.020128824476650563
0 0.09178743961352658 0.5040257648953301 0.033816425120772944 0.021739130434782608
