0 0.9194847020933977 0.5144927536231884 0.15942028985507245 0.09581320450885668
0 0.06964573268921095 0.5752818035426731 0.1392914653784219 0.1497584541062802
0 0.10144927536231885 0.5487117552334944 0.2028985507246377 0.10950080515297907
0 0.14895330112721417 0.5293880837359098 0.2882447665056361 0.0998389694041868
0 0.2886473429951691 0.5124798711755234 0.1537842190016103 0.061191626409017714
0 0.30917874396135264 0.5140901771336553 0.14009661835748793 0.04508856682769726
0 0.21578099838969403 0.5245571658615137 0.1996779388083736 0.06602254428341385
0 0.40700483091787437 0.5020128824476651 0.07648953301127215 0.024154589371980676
0 0.8478260869565217 0.5028180354267311 0.1143317230273752 0.04830917874396135
0 0.5785024154589372 0.501207729468599 0.08132045088566828 0.028985507246376812
