0 0.48428686543110394 0.5076551168412571 0.030620467365028204 0.028203062046736505
0 0.1708299758259468 0.5761482675261885 0.2997582594681708 0.14907332796132153
0 0.1232876712328767 0.541095890410959 0.1917808219178082 0.0821917808219178
0 0.298549556809025 0.5193392425463336 0.07332796132151491 0.040290088638195005
0 0.39000805801772764 0.523771152296535 0.07091055600322321 0.04754230459307011
0 0.34971796937953264 0.5092667203867849 0.046736502820306204 0.028203062046736505
0 0.4121676067687349 0.5092667203867849 0.0378726833199033 0.0249798549556809
1 0.43795326349717967 0.49556809024979853 0.028203062046736505 0.033037872683319904
0 0.05922643029814666 0.5338436744560838 0.11845286059629331 0.07091055600322321
0 0.1522965350523771 0.5221595487510072 0.11281224818694602 0.04754230459307011
0 0.2639000805801773 0.5124899274778405 0.055600322320709106 0.0265914585012087
