0 0.47381144238517325 0.5092667203867849 0.037066881547139406 0.033037872683319904
0 0.23086220789685738 0.572119258662369 0.25543916196615635 0.1571313456889605
0 0.1385979049153908 0.5374697824335214 0.1643835616438356 0.0749395648670427
0 0.032232070910556 0.5310233682514102 0.064464141821112 0.06365834004834811
0 0.3041901692183723 0.5120870265914585 0.06365834004834811 0.040290088638195005
0 0.3827558420628525 0.5181305398871877 0.06285253827558421 0.0427074939564867
0 0.3440773569701853 0.5092667203867849 0.046736502820306204 0.028203062046736505
0 0.42224012892828366 0.5088638195004029 0.035455278001611606 0.0257856567284448
1 0.44077356970185333 0.4939564867042707 0.020950846091861403 0.0249798549556809
0 0.14746172441579372 0.5205479452054794 0.1063658340048348 0.04593070104754231
