0 0.42304593070104757 0.5016116035455278 0.016116035455278 0.014504431909750202
0 0.4460112812248187 0.5120870265914585 0.04754230459307011 0.043513295729250605
0 0.35213537469782435 0.5201450443190975 0.0692989524576954 0.05640612409347301
0 0.09387590652699436 0.5439161966156325 0.18775181305398872 0.0862207896857373
0 0.052377115229653506 0.5330378726833199 0.10475423045930701 0.06607574536663981
0 0.2542304593070105 0.5165189363416599 0.07010475423045931 0.0394842868654311
1 0.14585012087026591 0.5092667203867849 0.10153102336825141 0.053988718775181306
0 0.29935535858178886 0.5104754230459307 0.0443190975020145 0.0273972602739726
0 0.23045930701047543 0.5100725221595488 0.046736502820306204 0.0249798549556809
1 0.34045124899274776 0.49717969379532634 0.031426269137792104 0.033037872683319904
2 0.3904109589041096 0.48912167606768736 0.020145044319097503 0.031426269137792104
