0 0.4153908138597905 0.5032232070910556 0.016921837228041903 0.014504431909750202
0 0.45688960515713134 0.5165189363416599 0.05801772763900081 0.04915390813859791
0 0.09307010475423046 0.5596293311845286 0.1861402095084609 0.10475423045930701
0 0.37308622078968573 0.515713134568896 0.048348106365834004 0.0443190975020145
0 0.21555197421434327 0.5249798549556809 0.0991136180499597 0.0515713134568896
0 0.13215149073327961 0.5225624496373892 0.1095890410958904 0.046736502820306204
0 0.290088638195004 0.5120870265914585 0.046736502820306204 0.030620467365028204
1 0.19701853344077358 0.5068493150684932 0.0717163577759871 0.0427074939564867
0 0.31385979049153906 0.5072522159548751 0.0346494762288477 0.022562449637389202
0 0.24939564867042707 0.508058017727639 0.0362610797743755 0.020950846091861403
1 0.3396454472199839 0.4967767929089444 0.0249798549556809 0.029008863819500404
