0 0.4943639291465378 0.5080515297906603 0.037037037037037035 0.03462157809983897
0 0.8828502415458938 0.5615942028985508 0.23268921095008052 0.17713365539452497
0 0.7733494363929146 0.5475040257648953 0.19243156199677938 0.11352657004830918
0 0.6956521739130435 0.5289855072463768 0.1642512077294686 0.0748792270531401
0 0.40177133655394526 0.501610305958132 0.027375201288244767 0.016908212560386472
0 0.2576489533011272 0.5289855072463768 0.10144927536231885 0.0571658615136876
0 0.5998389694041868 0.5072463768115942 0.09500805152979067 0.039452495974235106
0 0.5672302737520128 0.5032206119162641 0.071658615136876 0.02818035426731079
1 0.5434782608695652 0.4963768115942029 0.05475040257648953 0.02576489533011272
0 0.36191626409017713 0.499194847020934 0.03140096618357488 0.020128824476650563
0 0.37681159420289856 0.49879227053140096 0.02576489533011272 0.017713365539452495
0 0.41183574879227053 0.49557165861513686 0.018518518518518517 0.011272141706924315
0 0.3385668276972625 0.49838969404186795 0.020128824476650563 0.015297906602254429
