0 0.08454106280193237 0.5841384863123994 0.16908212560386474 0.1320450885668277
0 0.7669082125603864 0.5607890499194848 0.21014492753623187 0.12721417069243157
0 0.6686795491143317 0.533011272141707 0.11513687600644122 0.071658615136876
0 0.3530595813204509 0.5309983896940419 0.10547504025764895 0.07085346215780998
0 0.3993558776167472 0.5209339774557166 0.0644122383252818 0.04750402576489533
0 0.6123188405797102 0.5177133655394525 0.07004830917874397 0.04750402576489533
0 0.42713365539452497 0.5116747181964574 0.04750402576489533 0.040257648953301126
0 0.47101449275362317 0.5068438003220612 0.043478260869565216 0.028985507246376812
0 0.5897745571658615 0.5104669887278583 0.03784219001610306 0.036231884057971016
0 0.5471014492753623 0.5020128824476651 0.0426731078904992 0.020933977455716585
