0 0.8200483091787439 0.5736714975845411 0.35829307568438 0.1529790660225443
0 0.27898550724637683 0.5535426731078905 0.14251207729468598 0.0853462157809984
0 0.5897745571658615 0.5245571658615137 0.07971014492753623 0.05958132045088567
0 0.3643317230273752 0.5225442834138486 0.07326892109500806 0.05233494363929147
0 0.40901771336553944 0.5104669887278583 0.03542673107890499 0.02818035426731079
5 0.4617552334943639 0.500805152979066 0.007246376811594203 0.018518518518518517
5 0.47061191626409016 0.499194847020934 0.007246376811594203 0.016908212560386472
0 0.42914653784219003 0.5060386473429952 0.024154589371980676 0.017713365539452495
0 0.5165056360708534 0.49838969404186795 0.015297906602254429 0.012077294685990338
0 0.5406602254428341 0.5056360708534622 0.03784219001610306 0.03140096618357488
