0 0.8969404186795491 0.5756843800322061 0.20450885668276972 0.14895330112721417
0 0.07930756843800323 0.5857487922705314 0.15861513687600645 0.1288244766505636
0 0.36835748792270534 0.5157004830917874 0.04428341384863124 0.030595813204508857
0 0.5414653784219001 0.5032206119162641 0.036231884057971016 0.02818035426731079
0 0.38768115942028986 0.5108695652173914 0.03784219001610306 0.024154589371980676
0 0.4086151368760064 0.5052334943639292 0.029790660225442835 0.024154589371980676
0 0.08816425120772947 0.5261674718196457 0.07004830917874397 0.02576489533011272
0 0.12681159420289856 0.5241545893719807 0.06360708534621579 0.0249597423510467
0 0.16183574879227053 0.5217391304347826 0.06763285024154589 0.026570048309178744
0 0.20330112721417068 0.5221417069243156 0.05877616747181964 0.027375201288244767
