0 0.4963768115942029 0.5068438003220612 0.03462157809983897 0.0322061191626409
0 0.023349436392914653 0.5394524959742351 0.04669887278582931 0.07971014492753623
0 0.8896940418679549 0.5644122383252818 0.21900161030595813 0.17149758454106281
0 0.7765700483091788 0.5426731078904992 0.20048309178743962 0.11030595813204509
0 0.67914653784219 0.5265700483091788 0.15217391304347827 0.07326892109500806
0 0.6324476650563607 0.5173107890499195 0.11996779388083736 0.06280193236714976
0 0.6163446054750402 0.5128824476650563 0.10869565217391304 0.04750402576489533
0 0.5974235104669887 0.5076489533011272 0.09500805152979067 0.043478260869565216
0 0.5809178743961353 0.5032206119162641 0.0748792270531401 0.02818035426731079
0 0.42351046698872785 0.501610305958132 0.020933977455716585 0.015297906602254429
0 0.5563607085346216 0.5 0.05636070853462158 0.021739130434782608
0 0.5418679549114331 0.4975845410628019 0.04669887278582931 0.016908212560386472
1 0.532608695652174 0.4943639291465378 0.039452495974235106 0.018518518518518517
0 0.3993558776167472 0.4975845410628019 0.020933977455716585 0.015297906602254429
0 0.3788244766505636 0.4971819645732689 0.013687600644122383 0.011272141706924315
