1 0.7097423510466989 0.5257648953301127 0.10064412238325282 0.10547504025764895
0 0.4219001610305958 0.535426731078905 0.1320450885668277 0.06843800322061191
0 0.3252818035426731 0.5241545893719807 0.14492753623188406 0.08132045088566828
0 0.5954106280193237 0.5100644122383253 0.05877616747181964 0.04508856682769726
0 0.9710144927536232 0.5277777777777778 0.05636070853462158 0.07407407407407407
0 0.748792270531401 0.49879227053140096 0.04508856682769726 0.037037037037037035
1 0.7906602254428341 0.48711755233494364 0.05314009661835749 0.04589371980676329
2 0.7306763285024155 0.4786634460547504 0.04911433172302738 0.06280193236714976
0 0.18156199677938809 0.533011272141707 0.15861513687600645 0.0571658615136876
0 0.0893719806763285 0.5318035426731079 0.12399355877616747 0.04669887278582931
