0 0.5020128824476651 0.5068438003220612 0.04911433172302738 0.040257648953301126
0 0.29790660225442833 0.5305958132045089 0.1723027375201288 0.07809983896940419
0 0.35990338164251207 0.5064412238325282 0.09017713365539452 0.04589371980676329
0 0.3824476650563607 0.5036231884057971 0.08695652173913043 0.03864734299516908
0 0.4086151368760064 0.49798711755233493 0.07004830917874397 0.027375201288244767
1 0.4392109500805153 0.4867149758454106 0.05877616747181964 0.030595813204508857
0 0.8260869565217391 0.570450885668277 0.27697262479871176 0.14009661835748793
0 0.67914653784219 0.5318035426731079 0.1247987117552335 0.07085346215780998
0 0.6276167471819646 0.5096618357487923 0.0861513687600644 0.06038647342995169
0 0.6755233494363929 0.499194847020934 0.09017713365539452 0.03462157809983897
0 0.0785024154589372 0.535024154589372 0.1570048309178744 0.09500805152979067
0 0.18357487922705315 0.5144927536231884 0.13848631239935588 0.06038647342995169
0 0.49838969404186795 0.49597423510466987 0.028985507246376812 0.026570048309178744
0 0.24758454106280192 0.5076489533011272 0.08293075684380032 0.04669887278582931
1 0.7862318840579711 0.4927536231884058 0.1360708534621578 0.050724637681159424
0 0.02254428341384863 0.5116747181964574 0.04508856682769726 0.05636070853462158
