0 0.4153908138597905 0.5032232070910556 0.016921837228041903 0.014504431909750202
0 0.4492344883158743 0.516116035455278 0.053988718775181306 0.046736502820306204
0 0.060838033843674456 0.572119258662369 0.12167606768734891 0.12167606768734891
0 0.363013698630137 0.5173247381144238 0.055600322320709106 0.04754230459307011
0 0.18211120064464142 0.5298146655922643 0.12087026591458501 0.05962933118452861
0 0.09871071716357777 0.5261885576148267 0.12812248186946013 0.052377115229653506
0 0.2771958098307816 0.5141015310233682 0.0531829170024174 0.033037872683319904
1 0.17929089443996776 0.508460918614021 0.07977437550362611 0.04593070104754231
0 0.30781627719580984 0.508058017727639 0.037066881547139406 0.024174053182917002
0 0.24053182917002416 0.5096696212731668 0.0394842868654311 0.022562449637389202
1 0.33763094278807415 0.49717969379532634 0.0273972602739726 0.029814665592264304
