0 0.9259259259259259 0.5789049919484702 0.14653784219001612 0.14251207729468598
0 0.09903381642512077 0.5591787439613527 0.19806763285024154 0.13043478260869565
0 0.5289855072463768 0.5076489533011272 0.028985507246376812 0.020933977455716585
0 0.3820450885668277 0.5068438003220612 0.07971014492753623 0.028985507246376812
0 0.6288244766505636 0.5148953301127214 0.0998389694041868 0.037037037037037035
0 0.30193236714975846 0.5144927536231884 0.13687600644122383 0.05555555555555555
0 0.2673107890499195 0.5277777777777778 0.17391304347826086 0.06280193236714976
0 0.14452495974235105 0.5475040257648953 0.2890499194847021 0.09903381642512077
0 0.7399355877616747 0.5285829307568438 0.15942028985507245 0.0644122383252818
0 0.788647342995169 0.5370370370370371 0.19082125603864733 0.07004830917874397
