0 0.4500402900886382 0.5028203062046737 0.016921837228041903 0.015310233682514102
0 0.038678485092667206 0.5777598710717163 0.07735697018533441 0.14585012087026591
0 0.5346494762288477 0.5273972602739726 0.08783239323126511 0.06607574536663981
0 0.19863013698630136 0.5451248992747784 0.1506849315068493 0.08058017727639001
1 0.11845286059629331 0.5201450443190975 0.15471394037066882 0.07413376309427881
0 0.2876712328767123 0.5253827558420628 0.08058017727639001 0.04915390813859791
0 0.42506043513295727 0.5120870265914585 0.0378726833199033 0.035455278001611606
0 0.3195004029008864 0.5136986301369864 0.053988718775181306 0.03384367445608381
0 0.24536663980660758 0.5145044319097501 0.0652699435938759 0.03384367445608381
0 0.3533440773569702 0.5076551168412571 0.031426269137792104 0.023368251410153102
1 0.2771958098307816 0.5040290088638195 0.0499597099113618 0.03384367445608381
0 0.3638195004029009 0.5044319097502015 0.0249798549556809 0.018533440773569703
1 0.379129734085415 0.4975825946817083 0.020145044319097503 0.024174053182917002
