0 0.4931506849315068 0.5048348106365834 0.019339242546333603 0.016116035455278
0 0.14907332796132153 0.5692989524576955 0.24818694601128122 0.1385979049153908
1 0.07534246575342465 0.5310233682514102 0.1506849315068493 0.09750201450443191
0 0.6518936341659952 0.548348106365834 0.16116035455278002 0.1063658340048348
0 0.32473811442385175 0.5261885576148267 0.08058017727639001 0.05076551168412571
1 0.23086220789685738 0.5149073327961321 0.10394842868654311 0.057211925866236905
0 0.36865431103948426 0.5181305398871877 0.052377115229653506 0.0362610797743755
0 0.467767929089444 0.5104754230459307 0.0346494762288477 0.032232070910556
0 0.306607574536664 0.5116841257050766 0.053988718775181306 0.029814665592264304
0 0.40370668815471394 0.5068493150684932 0.024174053182917002 0.020145044319097503
1 0.33521353746978244 0.5036261079774376 0.040290088638195005 0.029814665592264304
1 0.42062852538275586 0.4975825946817083 0.016116035455278 0.022562449637389202
