0 0.9424315619967794 0.5531400966183575 0.11352657004830918 0.19404186795491143
0 0.9577294685990339 0.5551529790660226 0.08293075684380032 0.15458937198067632
1 0.40217391304347827 0.5108695652173914 0.05555555555555555 0.061191626409017714
1 0.7971014492753623 0.4919484702093398 0.2463768115942029 0.09581320450885668
0 0.20330112721417068 0.5225442834138486 0.09742351046698873 0.04911433172302738
0 0.10547504025764895 0.5177133655394525 0.12560386473429952 0.06682769726247988
0 0.3309178743961353 0.5052334943639292 0.043478260869565216 0.0322061191626409
0 0.5740740740740741 0.5060386473429952 0.07568438003220612 0.04186795491143317
0 0.4384057971014493 0.49597423510466987 0.029790660225442835 0.026570048309178744
1 0.4714170692431562 0.4867149758454106 0.029790660225442835 0.033816425120772944
0 0.6227858293075684 0.5036231884057971 0.07809983896940419 0.043478260869565216
0 0.6884057971014492 0.5076489533011272 0.09500805152979067 0.037037037037037035
1 0.9565217391304348 0.4834943639291465 0.0853462157809984 0.061191626409017714
2 0.43397745571658614 0.48188405797101447 0.0322061191626409 0.04830917874396135
