0 0.2363123993558776 0.5668276972624798 0.2069243156199678 0.11513687600644122
0 0.0966183574879227 0.5805152979066023 0.1932367149758454 0.1392914653784219
0 0.7016908212560387 0.5173107890499195 0.12318840579710146 0.06924315619967794
0 0.35185185185185186 0.5309983896940419 0.0966183574879227 0.06602254428341385
0 0.40418679549114334 0.5197262479871175 0.05636070853462158 0.04186795491143317
0 0.4214975845410628 0.5152979066022544 0.04589371980676329 0.03462157809983897
0 0.5539452495974235 0.5112721417069244 0.043478260869565216 0.03784219001610306
0 0.6944444444444444 0.5040257648953301 0.1457326892109501 0.04911433172302738
0 0.5692431561996779 0.5092592592592593 0.0499194847020934 0.030595813204508857
0 0.5990338164251208 0.5036231884057971 0.05152979066022544 0.028985507246376812
0 0.571658615136876 0.49033816425120774 0.0322061191626409 0.010466988727858293
