1 0.7665056360708534 0.499597423510467 0.3446054750402576 0.30112721417069244
0 0.6103059581320451 0.5201288244766505 0.0998389694041868 0.08454106280193237
0 0.5780998389694042 0.5140901771336553 0.06763285024154589 0.0499194847020934
0 0.534621578099839 0.5084541062801933 0.043478260869565216 0.0322061191626409
0 0.10789049919484701 0.5253623188405797 0.06924315619967794 0.043478260869565216
5 0.40499194847020936 0.5056360708534622 0.011272141706924315 0.02818035426731079
0 0.3808373590982287 0.5116747181964574 0.03542673107890499 0.027375201288244767
0 0.5056360708534622 0.5044283413848631 0.04186795491143317 0.028985507246376812
0 0.4742351046698873 0.5044283413848631 0.028985507246376812 0.01932367149758454
5 0.4194847020933977 0.5044283413848631 0.011272141706924315 0.02576489533011272
