0 0.27616747181964574 0.5547504025764896 0.1642512077294686 0.09581320450885668
0 0.12600644122383253 0.5780998389694042 0.25201288244766507 0.14412238325281804
0 0.6807568438003221 0.5148953301127214 0.10547504025764895 0.061191626409017714
0 0.3643317230273752 0.5269726247987118 0.0861513687600644 0.05958132045088567
0 0.4106280193236715 0.5185185185185185 0.05152979066022544 0.039452495974235106
0 0.42592592592592593 0.5132850241545893 0.043478260869565216 0.0322061191626409
0 0.5511272141706924 0.5100644122383253 0.04106280193236715 0.03542673107890499
0 0.67914653784219 0.5032206119162641 0.13285024154589373 0.04428341384863124
0 0.5660225442834138 0.5084541062801933 0.04830917874396135 0.028985507246376812
0 0.5950080515297906 0.5024154589371981 0.0499194847020934 0.026570048309178744
0 0.5479066022544283 0.49033816425120774 0.03140096618357488 0.010466988727858293
