0 0.14210950080515297 0.5672302737520128 0.21014492753623187 0.1111111111111111
0 0.357487922705314 0.535829307568438 0.09339774557165861 0.06763285024154589
0 0.24919484702093397 0.5414653784219001 0.1247987117552335 0.07246376811594203
5 0.6936392914653784 0.5277777777777778 0.09581320450885668 0.07890499194847021
0 0.9440418679549114 0.5112721417069244 0.11030595813204509 0.08132045088566828
5 0.9871175523349437 0.5636070853462157 0.024154589371980676 0.17310789049919484
5 0.7620772946859904 0.53341384863124 0.11191626409017713 0.09178743961352658
0 0.42914653784219003 0.5088566827697263 0.0322061191626409 0.02818035426731079
0 0.5475040257648953 0.5068438003220612 0.07407407407407407 0.028985507246376812
0 0.5189210950080515 0.501610305958132 0.050724637681159424 0.021739130434782608
1 0.40499194847020936 0.5132850241545893 0.05636070853462158 0.05152979066022544
