0 0.5084541062801933 0.5201288244766505 0.05394524959742351 0.050724637681159424
0 0.717391304347826 0.5297906602254429 0.16264090177133655 0.08776167471819646
0 0.6107085346215781 0.5132850241545893 0.08132045088566828 0.04186795491143317
0 0.5772946859903382 0.5092592592592593 0.06924315619967794 0.028985507246376812
0 0.107085346215781 0.5595813204508857 0.214170692431562 0.10869565217391304
0 0.36996779388083734 0.5132850241545893 0.05394524959742351 0.03542673107890499
0 0.4307568438003221 0.5048309178743962 0.0322061191626409 0.021739130434782608
0 0.22665056360708535 0.5237520128824477 0.09903381642512077 0.043478260869565216
0 0.2830112721417069 0.5136876006441223 0.061996779388083734 0.039452495974235106
0 0.47302737520128824 0.500402576489533 0.023349436392914653 0.01288244766505636
0 0.3474235104669887 0.5080515297906603 0.04589371980676329 0.0249597423510467
0 0.4074074074074074 0.5048309178743962 0.037037037037037035 0.016908212560386472
0 0.08574879227053141 0.5217391304347826 0.107085346215781 0.04428341384863124
0 0.10265700483091787 0.5120772946859904 0.09903381642512077 0.029790660225442835
0 0.534621578099839 0.49838969404186795 0.01932367149758454 0.012077294685990338
