0 0.8647342995169082 0.5756843800322061 0.2689210950080515 0.14895330112721417
0 0.214170692431562 0.5752818035426731 0.20611916264090177 0.11755233494363929
0 0.6139291465378421 0.533011272141707 0.10225442834138486 0.0748792270531401
0 0.3462157809983897 0.5289855072463768 0.08856682769726248 0.061996779388083734
0 0.4033816425120773 0.5136876006441223 0.03864734299516908 0.03140096618357488
5 0.4605475040257649 0.5028180354267311 0.008051529790660225 0.01932367149758454
5 0.46980676328502413 0.5024154589371981 0.007246376811594203 0.018518518518518517
0 0.42632850241545894 0.5076489533011272 0.026570048309178744 0.01932367149758454
0 0.5185185185185185 0.500805152979066 0.01610305958132045 0.013687600644122383
0 0.5471014492753623 0.5096618357487923 0.0426731078904992 0.03462157809983897
