0 0.4951651893634166 0.5165189363416599 0.062046736502820304 0.055600322320709106
0 0.021756647864625302 0.5584206285253828 0.043513295729250605 0.10394842868654311
0 0.12771958098307817 0.5733279613215149 0.25543916196615635 0.15471394037066882
0 0.20427074939564868 0.5265914585012087 0.11845286059629331 0.0547945205479452
0 0.3311845286059629 0.5253827558420628 0.09669621273166801 0.06365834004834811
0 0.3896051571313457 0.5108783239323127 0.04593070104754231 0.031426269137792104
0 0.41659951651893634 0.5052377115229654 0.035455278001611606 0.0249798549556809
0 0.19540692989524577 0.516116035455278 0.0926672038678485 0.038678485092667206
0 0.2526188557614827 0.5104754230459307 0.057211925866236905 0.029008863819500404
1 0.3493150684931507 0.49879129734085415 0.031426269137792104 0.021756647864625302
0 0.5169218372280419 0.49959709911361805 0.015310233682514102 0.012087026591458501
