0 0.05636070853462158 0.5869565217391305 0.11272141706924316 0.12640901771336555
0 0.7979066022544283 0.5756843800322061 0.3639291465378422 0.14895330112721417
0 0.18075684380032206 0.5789049919484702 0.30515297906602257 0.14251207729468598
0 0.3148148148148148 0.538244766505636 0.10950080515297907 0.07729468599033816
0 0.3679549114331723 0.5241545893719807 0.07890499194847021 0.05233494363929147
0 0.6421095008051529 0.53341384863124 0.12962962962962962 0.08051529790660225
0 0.5954106280193237 0.5161030595813204 0.07004830917874397 0.05233494363929147
0 0.788244766505636 0.49798711755233493 0.1111111111111111 0.0499194847020934
0 0.533011272141707 0.5024154589371981 0.033816425120772944 0.023349436392914653
0 0.4927536231884058 0.499597423510467 0.027375201288244767 0.01610305958132045
0 0.46578099838969406 0.49597423510466987 0.03140096618357488 0.013687600644122383
5 0.41827697262479874 0.4963768115942029 0.015297906602254429 0.01610305958132045
