0 0.49798711755233493 0.5084541062801933 0.04106280193236715 0.03864734299516908
0 0.19122383252818034 0.5422705314009661 0.15056360708534622 0.07246376811594203
0 0.7818035426731079 0.5450885668276972 0.22061191626409019 0.12318840579710146
0 0.645330112721417 0.5181159420289855 0.13285024154589373 0.05958132045088567
0 0.6252012882447665 0.5124798711755234 0.10547504025764895 0.04830917874396135
0 0.6119162640901772 0.5060386473429952 0.08695652173913043 0.043478260869565216
1 0.5736714975845411 0.49798711755233493 0.07971014492753623 0.03864734299516908
0 0.5571658615136876 0.499597423510467 0.061191626409017714 0.024154589371980676
0 0.539049919484702 0.49597423510466987 0.04106280193236715 0.016908212560386472
0 0.3148148148148148 0.5048309178743962 0.0499194847020934 0.02818035426731079
1 0.4303542673107891 0.49033816425120774 0.029790660225442835 0.026570048309178744
0 0.3425925925925926 0.5036231884057971 0.03784219001610306 0.024154589371980676
0 0.36513687600644124 0.5024154589371981 0.029790660225442835 0.016908212560386472
0 0.3993558776167472 0.49838969404186795 0.024154589371980676 0.013687600644122383
0 0.2922705314009662 0.5024154589371981 0.030595813204508857 0.020128824476650563
0 0.07286634460547504 0.5056360708534622 0.03462157809983897 0.023349436392914653
