0 0.463365539452496 0.5132850241545893 0.039452495974235106 0.030595813204508857
0 0.24677938808373592 0.533011272141707 0.14412238325281804 0.05877616747181964
0 0.30112721417069244 0.5233494363929146 0.10305958132045089 0.05233494363929147
0 0.35829307568438 0.5157004830917874 0.0821256038647343 0.033816425120772944
0 0.3808373590982287 0.5128824476650563 0.06280193236714976 0.029790660225442835
1 0.39573268921095006 0.5040257648953301 0.06521739130434782 0.03140096618357488
0 0.6662640901771336 0.5607890499194848 0.17310789049919484 0.12077294685990338
0 0.607085346215781 0.5370370370370371 0.08695652173913043 0.06843800322061191
0 0.5684380032206119 0.5233494363929146 0.06763285024154589 0.050724637681159424
2 0.539049919484702 0.4887278582930757 0.06360708534621579 0.08293075684380032
0 0.1574074074074074 0.5201288244766505 0.0861513687600644 0.036231884057971016
0 0.4778582930756844 0.5084541062801933 0.029790660225442835 0.02576489533011272
