0 0.5591787439613527 0.5148953301127214 0.05394524959742351 0.04186795491143317
0 0.19524959742351047 0.5809178743961353 0.2391304347826087 0.13687600644122383
0 0.7789855072463768 0.5104669887278583 0.19082125603864733 0.05555555555555555
0 0.7334943639291466 0.49838969404186795 0.1497584541062802 0.06038647342995169
0 0.35909822866344604 0.5148953301127214 0.05152979066022544 0.037037037037037035
0 0.27334943639291465 0.533816425120773 0.09742351046698873 0.0571658615136876
0 0.6706924315619968 0.500402576489533 0.10789049919484701 0.03864734299516908
0 0.39533011272141705 0.5092592592592593 0.033816425120772944 0.024154589371980676
0 0.894927536231884 0.48792270531400966 0.10064412238325282 0.033011272141706925
0 0.857487922705314 0.4887278582930757 0.09500805152979067 0.026570048309178744
1 0.9585346215780999 0.4810789049919485 0.08132045088566828 0.04830917874396135
