0 0.4251207729468599 0.5060386473429952 0.02576489533011272 0.02254428341384863
0 0.1706924315619968 0.5044283413848631 0.05636070853462158 0.027375201288244767
0 0.21578099838969403 0.5052334943639292 0.04508856682769726 0.020933977455716585
0 0.9001610305958132 0.5229468599033816 0.09178743961352658 0.0322061191626409
0 0.25120772946859904 0.5048309178743962 0.03864734299516908 0.018518518518518517
0 0.4476650563607085 0.5024154589371981 0.01932367149758454 0.015297906602254429
0 0.47946859903381644 0.5128824476650563 0.04106280193236715 0.04106280193236715
0 0.10547504025764895 0.5088566827697263 0.07729468599033816 0.02818035426731079
5 0.7359098228663447 0.5193236714975845 0.024154589371980676 0.03784219001610306
0 0.9702093397745571 0.5225442834138486 0.057971014492753624 0.029790660225442835
