0 0.4963768115942029 0.5064412238325282 0.03462157809983897 0.033011272141706925
0 0.9834943639291466 0.5644122383252818 0.03140096618357488 0.17149758454106281
0 0.8542673107890499 0.5611916264090178 0.24476650563607086 0.15217391304347827
0 0.715378421900161 0.5366344605475041 0.177938808373591 0.09178743961352658
0 0.6541867954911433 0.5221417069243156 0.1360708534621578 0.07407407407407407
0 0.6312399355877617 0.5152979066022544 0.12077294685990338 0.05394524959742351
0 0.6086956521739131 0.5092592592592593 0.10466988727858294 0.04830917874396135
0 0.5865539452495975 0.5044283413848631 0.07971014492753623 0.030595813204508857
0 0.4170692431561997 0.5032206119162641 0.02254428341384863 0.016908212560386472
0 0.5599838969404187 0.5 0.05877616747181964 0.023349436392914653
0 0.5434782608695652 0.49838969404186795 0.04830917874396135 0.018518518518518517
1 0.534219001610306 0.4943639291465378 0.04106280193236715 0.018518518518518517
0 0.3961352657004831 0.4975845410628019 0.02254428341384863 0.015297906602254429
0 0.3752012882447665 0.4971819645732689 0.014492753623188406 0.011272141706924315
