0 0.4782433521353747 0.5036261079774376 0.0346494762288477 0.031426269137792104
0 0.032232070910556 0.5487510072522159 0.064464141821112 0.09105560032232071
0 0.13174858984689766 0.5636583400483481 0.2634971796937953 0.128928283642224
1 0.20829975825946817 0.5169218372280419 0.1168412570507655 0.06607574536663981
1 0.3662369057211926 0.5020145044319098 0.08138597904915391 0.07332796132151491
0 0.27961321514907334 0.5141015310233682 0.06285253827558421 0.0346494762288477
0 0.4073327961321515 0.5016116035455278 0.0378726833199033 0.030620467365028204
0 0.4234488315874295 0.5024174053182917 0.0249798549556809 0.017727639000805803
1 0.435535858178888 0.492344883158743 0.023368251410153102 0.0249798549556809
0 0.1232876712328767 0.5217566478646253 0.12570507655116842 0.0499597099113618
