0 0.27979066022544286 0.4915458937198068 0.050724637681159424 0.03864734299516908
0 0.31561996779388085 0.49476650563607083 0.0499194847020934 0.028985507246376812
0 0.3643317230273752 0.4927536231884058 0.05877616747181964 0.0249597423510467
1 0.49476650563607083 0.4883252818035427 0.05555555555555555 0.030595813204508857
0 0.5165056360708534 0.4895330112721417 0.04106280193236715 0.020128824476650563
0 0.5515297906602254 0.4883252818035427 0.043478260869565216 0.020933977455716585
0 0.5772946859903382 0.49033816425120774 0.04830917874396135 0.016908212560386472
0 0.6010466988727858 0.49033816425120774 0.03462157809983897 0.016908212560386472
0 0.6203703703703703 0.49074074074074076 0.039452495974235106 0.01610305958132045
0 0.6409017713365539 0.4895330112721417 0.04669887278582931 0.016908212560386472
1 0.6759259259259259 0.48389694041867953 0.04911433172302738 0.021739130434782608
0 0.6936392914653784 0.48711755233494364 0.0426731078904992 0.015297906602254429
0 0.7093397745571659 0.48711755233494364 0.037037037037037035 0.013687600644122383
