0 0.05636070853462158 0.5881642512077294 0.11272141706924316 0.12399355877616747
0 0.9637681159420289 0.5173107890499195 0.07085346215780998 0.10144927536231885
0 0.9098228663446055 0.5128824476650563 0.15136876006441224 0.07809983896940419
0 0.8393719806763285 0.5068438003220612 0.13768115942028986 0.06602254428341385
0 0.788647342995169 0.5080515297906603 0.1280193236714976 0.050724637681159424
0 0.75 0.501610305958132 0.09903381642512077 0.0426731078904992
0 0.7359098228663447 0.5583735909822867 0.21900161030595813 0.14492753623188406
0 0.6356682769726248 0.5318035426731079 0.09581320450885668 0.06602254428341385
0 0.33816425120772947 0.5362318840579711 0.13043478260869565 0.08293075684380032
1 0.39170692431562 0.5157004830917874 0.09098228663446055 0.07085346215780998
0 0.6694847020933977 0.499194847020934 0.0893719806763285 0.03784219001610306
0 0.4243156199677939 0.5173107890499195 0.05314009661835749 0.043478260869565216
0 0.4388083735909823 0.5116747181964574 0.04669887278582931 0.033816425120772944
0 0.5652173913043478 0.4975845410628019 0.05636070853462158 0.020128824476650563
2 0.5301932367149759 0.4863123993558776 0.05394524959742351 0.0571658615136876
