0 0.4859098228663446 0.5205314009661836 0.04750402576489533 0.040257648953301126
0 0.19041867954911434 0.5430756843800322 0.15217391304347827 0.0853462157809984
0 0.3285024154589372 0.5644122383252818 0.1642512077294686 0.10225442834138486
0 0.3824476650563607 0.535426731078905 0.07890499194847021 0.06682769726247988
0 0.4029790660225443 0.5249597423510467 0.06038647342995169 0.04589371980676329
0 0.3276972624798712 0.5197262479871175 0.08856682769726248 0.040257648953301126
0 0.44524959742351045 0.5080515297906603 0.024154589371980676 0.018518518518518517
0 0.822866344605475 0.5801127214170693 0.3526570048309179 0.14009661835748793
0 0.6602254428341385 0.5619967793880838 0.1642512077294686 0.10225442834138486
0 0.5929951690821256 0.5281803542673108 0.07971014492753623 0.06360708534621579
0 0.5269726247987118 0.5124798711755234 0.033011272141706925 0.02576489533011272
2 0.5237520128824477 0.49355877616747185 0.04106280193236715 0.04911433172302738
0 0.22423510466988728 0.5124798711755234 0.06038647342995169 0.02576489533011272
0 0.4806763285024155 0.5112721417069244 0.030595813204508857 0.02818035426731079
0 0.11916264090177134 0.5161030595813204 0.09339774557165861 0.036231884057971016
