0 0.13325281803542674 0.5833333333333334 0.2665056360708535 0.13365539452495975
0 0.39331723027375204 0.5273752012882448 0.07326892109500806 0.06038647342995169
0 0.4307568438003221 0.5152979066022544 0.04186795491143317 0.036231884057971016
1 0.44605475040257647 0.501207729468599 0.03542673107890499 0.03864734299516908
0 0.15136876006441224 0.5628019323671497 0.21256038647342995 0.11352657004830918
0 0.5982286634460547 0.5157004830917874 0.1143317230273752 0.04508856682769726
0 0.5793075684380032 0.5116747181964574 0.09581320450885668 0.033816425120772944
0 0.5462962962962963 0.5056360708534622 0.06843800322061191 0.02818035426731079
1 0.464573268921095 0.500805152979066 0.024154589371980676 0.023349436392914653
1 0.3136070853462158 0.5426731078904992 0.17310789049919484 0.13768115942028986
5 0.9424315619967794 0.5253623188405797 0.11352657004830918 0.10466988727858294
