0 0.4851046698872786 0.500805152979066 0.020128824476650563 0.018518518518518517
0 0.3534621578099839 0.537842190016103 0.10628019323671498 0.0748792270531401
0 0.927133655394525 0.5793075684380032 0.14412238325281804 0.14170692431561996
0 0.8144122383252818 0.57085346215781 0.3695652173913043 0.15861513687600645
0 0.6537842190016103 0.5450885668276972 0.13365539452495975 0.11513687600644122
0 0.57085346215781 0.5181159420289855 0.06602254428341385 0.0499194847020934
0 0.5305958132045089 0.5056360708534622 0.030595813204508857 0.026570048309178744
0 0.5527375201288245 0.5112721417069244 0.04750402576489533 0.04106280193236715
0 0.3075684380032206 0.5108695652173914 0.0644122383252818 0.024154589371980676
0 0.2246376811594203 0.5120772946859904 0.07246376811594203 0.0249597423510467
0 0.5157004830917874 0.500805152979066 0.020128824476650563 0.016908212560386472
