0 0.8478260869565217 0.572866344605475 0.3027375201288245 0.15458937198067632
0 0.392914653784219 0.5241545893719807 0.09339774557165861 0.0861513687600644
0 0.1292270531400966 0.5845410628019324 0.2584541062801932 0.13123993558776167
0 0.6207729468599034 0.5221417069243156 0.08051529790660225 0.0499194847020934
0 0.6896135265700483 0.5418679549114331 0.13285024154589373 0.0861513687600644
0 0.46296296296296297 0.5036231884057971 0.027375201288244767 0.02576489533011272
0 0.4255233494363929 0.5169082125603864 0.05877616747181964 0.04750402576489533
0 0.6022544283413849 0.5161030595813204 0.05314009661835749 0.04106280193236715
0 0.5809178743961353 0.5088566827697263 0.04106280193236715 0.029790660225442835
0 0.5672302737520128 0.5056360708534622 0.03462157809983897 0.026570048309178744
