0 0.2665056360708535 0.5768921095008052 0.20450885668276972 0.13687600644122383
0 0.10547504025764895 0.5825281803542673 0.2109500805152979 0.13526570048309178
5 0.9017713365539453 0.5768921095008052 0.19484702093397746 0.14653784219001612
5 0.9633655394524959 0.5797101449275363 0.071658615136876 0.14090177133655393
0 0.41586151368760066 0.5241545893719807 0.05233494363929147 0.04589371980676329
0 0.44484702093397743 0.5152979066022544 0.03140096618357488 0.02818035426731079
1 0.45450885668276975 0.5044283413848631 0.026570048309178744 0.030595813204508857
0 0.5764895330112721 0.5152979066022544 0.09178743961352658 0.036231884057971016
0 0.5636070853462157 0.5124798711755234 0.08051529790660225 0.028985507246376812
0 0.538647342995169 0.5080515297906603 0.05958132045088567 0.0249597423510467
1 0.46819645732689213 0.5032206119162641 0.018518518518518517 0.018518518518518517
1 0.37399355877616747 0.5301932367149759 0.09903381642512077 0.0853462157809984
