0 0.4694041867954911 0.5161030595813204 0.04508856682769726 0.03784219001610306
0 0.2463768115942029 0.5253623188405797 0.17552334943639292 0.07407407407407407
0 0.34822866344605474 0.5132850241545893 0.09098228663446055 0.03542673107890499
0 0.3679549114331723 0.5120772946859904 0.07568438003220612 0.029790660225442835
0 0.4351851851851852 0.5088566827697263 0.03462157809983897 0.023349436392914653
0 0.9182769726247987 0.5845410628019324 0.16183574879227053 0.13123993558776167
1 0.5587761674718197 0.5036231884057971 0.07890499194847021 0.07085346215780998
1 0.2999194847020934 0.5044283413848631 0.06843800322061191 0.043478260869565216
0 0.47987117552334946 0.5092592592592593 0.0322061191626409 0.028985507246376812
5 0.1823671497584541 0.5072463768115942 0.023349436392914653 0.0249597423510467
