0 0.07729468599033816 0.572866344605475 0.15458937198067632 0.15458937198067632
0 0.08655394524959742 0.5519323671497585 0.17310789049919484 0.11594202898550725
0 0.15056360708534622 0.5471014492753623 0.24798711755233493 0.09017713365539452
0 0.19444444444444445 0.5301932367149759 0.21980676328502416 0.07246376811594203
0 0.27012882447665054 0.5245571658615137 0.14412238325281804 0.057971014492753624
0 0.2946859903381642 0.5185185185185185 0.14009661835748793 0.061996779388083734
5 0.4351851851851852 0.5152979066022544 0.012077294685990338 0.029790660225442835
0 0.8530595813204509 0.5865539452495975 0.2922705314009662 0.12721417069243157
0 0.8743961352657005 0.5519323671497585 0.249597423510467 0.12077294685990338
0 0.8115942028985508 0.5422705314009661 0.2222222222222222 0.08695652173913043
0 0.7383252818035426 0.537842190016103 0.16264090177133655 0.06682769726247988
0 0.7045088566827697 0.5277777777777778 0.11916264090177134 0.05636070853462158
0 0.6727053140096618 0.5281803542673108 0.1360708534621578 0.05233494363929147
0 0.644122383252818 0.5241545893719807 0.12399355877616747 0.04106280193236715
0 0.6328502415458938 0.5177133655394525 0.10144927536231885 0.04428341384863124
0 0.3647342995169082 0.5157004830917874 0.08695652173913043 0.028985507246376812
0 0.3812399355877617 0.5161030595813204 0.0748792270531401 0.026570048309178744
0 0.5261674718196457 0.5132850241545893 0.03140096618357488 0.024154589371980676
0 0.5120772946859904 0.5080515297906603 0.01932367149758454 0.016908212560386472
1 0.4971819645732689 0.499597423510467 0.012077294685990338 0.014492753623188406
