0 0.29911433172302737 0.5603864734299517 0.13768115942028986 0.09742351046698873
0 0.8144122383252818 0.5805152979066023 0.321256038647343 0.1392914653784219
0 0.6413043478260869 0.5507246376811594 0.14251207729468598 0.09903381642512077
0 0.5813204508856683 0.5362318840579711 0.08695652173913043 0.06038647342995169
0 0.35909822866344604 0.5414653784219001 0.0853462157809984 0.057971014492753624
0 0.3812399355877617 0.5289855072463768 0.050724637681159424 0.0426731078904992
0 0.4029790660225443 0.5277777777777778 0.04428341384863124 0.033816425120772944
0 0.5595813204508857 0.5269726247987118 0.057971014492753624 0.043478260869565216
0 0.5462962962962963 0.5205314009661836 0.04106280193236715 0.033816425120772944
0 0.6904186795491143 0.5080515297906603 0.07326892109500806 0.03462157809983897
5 0.4444444444444444 0.5104669887278583 0.011272141706924315 0.013687600644122383
