0 0.13768115942028986 0.5418679549114331 0.2753623188405797 0.11191626409017713
1 0.16505636070853463 0.4939613526570048 0.33011272141706927 0.16264090177133655
0 0.7435587761674718 0.5744766505636071 0.26811594202898553 0.15136876006441224
0 0.8027375201288245 0.5293880837359098 0.1932367149758454 0.07246376811594203
0 0.7125603864734299 0.5193236714975845 0.178743961352657 0.05555555555555555
0 0.2922705314009662 0.5096618357487923 0.14492753623188406 0.050724637681159424
0 0.5221417069243156 0.4963768115942029 0.021739130434782608 0.01610305958132045
0 0.4102254428341385 0.49516908212560384 0.05877616747181964 0.021739130434782608
0 0.5885668276972624 0.500402576489533 0.06763285024154589 0.02576489533011272
0 0.3663446054750403 0.5036231884057971 0.09339774557165861 0.03542673107890499
0 0.6356682769726248 0.5048309178743962 0.0861513687600644 0.036231884057971016
