0 0.04388083735909823 0.5841384863123994 0.08776167471819646 0.1320450885668277
0 0.2809983896940419 0.534219001610306 0.10950080515297907 0.0644122383252818
0 0.3365539452495974 0.5213365539452496 0.07085346215780998 0.043478260869565216
0 0.36553945249597425 0.5161030595813204 0.0499194847020934 0.03462157809983897
0 0.3888888888888889 0.5108695652173914 0.04186795491143317 0.027375201288244767
0 0.6851851851851852 0.48993558776167473 0.09339774557165861 0.03542673107890499
0 0.6497584541062802 0.4895330112721417 0.06924315619967794 0.03140096618357488
0 0.9597423510466989 0.47101449275362317 0.07890499194847021 0.03462157809983897
0 0.9392109500805152 0.47383252818035426 0.11513687600644122 0.033816425120772944
0 0.9106280193236715 0.4754428341384863 0.1111111111111111 0.028985507246376812
0 0.8832528180354268 0.4754428341384863 0.10144927536231885 0.027375201288244767
0 0.41304347826086957 0.5060386473429952 0.033816425120772944 0.02254428341384863
0 0.5527375201288245 0.5 0.03462157809983897 0.026570048309178744
