0 0.7322866344605475 0.5527375201288245 0.1956521739130435 0.1111111111111111
0 0.45491143317230276 0.501207729468599 0.06602254428341385 0.024154589371980676
5 0.7371175523349437 0.5104669887278583 0.06682769726247988 0.050724637681159424
0 0.6284219001610306 0.4943639291465378 0.061996779388083734 0.023349436392914653
0 0.7818035426731079 0.4919484702093398 0.07729468599033816 0.021739130434782608
1 0.966183574879227 0.48792270531400966 0.06602254428341385 0.02818035426731079
0 0.3643317230273752 0.5028180354267311 0.05233494363929147 0.02254428341384863
0 0.21215780998389694 0.5064412238325282 0.05233494363929147 0.021739130434782608
0 0.4778582930756844 0.49476650563607083 0.018518518518518517 0.01288244766505636
0 0.44806763285024154 0.4963768115942029 0.021739130434782608 0.01288244766505636
