0 0.12439613526570048 0.5813204508856683 0.24879227053140096 0.13768115942028986
0 0.7266505636070854 0.5487117552334944 0.16666666666666666 0.10466988727858294
0 0.6513687600644122 0.5281803542673108 0.09822866344605476 0.06360708534621579
0 0.3695652173913043 0.5269726247987118 0.09339774557165861 0.06280193236714976
0 0.4078099838969404 0.5181159420289855 0.05877616747181964 0.043478260869565216
0 0.605475040257649 0.5152979066022544 0.06280193236714976 0.04428341384863124
0 0.4331723027375201 0.5104669887278583 0.04508856682769726 0.03784219001610306
0 0.47383252818035426 0.5060386473429952 0.04106280193236715 0.027375201288244767
0 0.5881642512077294 0.5092592592592593 0.036231884057971016 0.033816425120772944
0 0.5475040257648953 0.501207729468599 0.04186795491143317 0.020933977455716585
