0 0.9955716586151369 0.5499194847020934 0.007246376811594203 0.12318840579710146
0 0.2785829307568438 0.5519323671497585 0.16908212560386474 0.10466988727858294
0 0.6855877616747182 0.5466988727858293 0.15539452495974235 0.10386473429951691
1 0.3462157809983897 0.5136876006441223 0.10628019323671498 0.0893719806763285
0 0.6183574879227053 0.5265700483091788 0.10628019323671498 0.06682769726247988
0 0.5905797101449275 0.5120772946859904 0.050724637681159424 0.0426731078904992
1 0.2113526570048309 0.49798711755233493 0.18760064412238325 0.06763285024154589
0 0.6086956521739131 0.500402576489533 0.06280193236714976 0.04186795491143317
1 0.5052334943639292 0.4943639291465378 0.0249597423510467 0.026570048309178744
1 0.6759259259259259 0.4867149758454106 0.10547504025764895 0.040257648953301126
