0 0.10628019323671498 0.5793075684380032 0.21256038647342995 0.14170692431561996
0 0.24677938808373592 0.5571658615136876 0.20853462157809985 0.11513687600644122
0 0.9464573268921095 0.5064412238325282 0.10547504025764895 0.08132045088566828
0 0.8321256038647343 0.5108695652173914 0.11674718196457327 0.0644122383252818
0 0.7677133655394525 0.5076489533011272 0.09742351046698873 0.05475040257648953
0 0.7387278582930756 0.5044283413848631 0.09581320450885668 0.04508856682769726
0 0.710950080515298 0.5024154589371981 0.09178743961352658 0.0426731078904992
0 0.6892109500805152 0.5032206119162641 0.09017713365539452 0.03462157809983897
0 0.5978260869565217 0.5209339774557166 0.08293075684380032 0.06360708534621579
0 0.571658615136876 0.5144927536231884 0.05314009661835749 0.039452495974235106
0 0.3892914653784219 0.5157004830917874 0.07004830917874397 0.04830917874396135
1 0.4146537842190016 0.5048309178743962 0.05636070853462158 0.04750402576489533
0 0.6223832528180354 0.4963768115942029 0.06602254428341385 0.028985507246376812
2 0.5148953301127214 0.4863123993558776 0.04589371980676329 0.04750402576489533
