1 0.42351046698872785 0.49838969404186795 0.027375201288244767 0.029790660225442835
5 0.45410628019323673 0.5261674718196457 0.043478260869565216 0.08051529790660225
0 0.8019323671497585 0.5736714975845411 0.394524959742351 0.1529790660225443
0 0.1034621578099839 0.5785024154589372 0.2069243156199678 0.14170692431561996
1 0.20772946859903382 0.5374396135265701 0.143317230273752 0.09017713365539452
0 0.5768921095008052 0.5297906602254429 0.11674718196457327 0.08454106280193237
0 0.5245571658615137 0.5185185185185185 0.08132045088566828 0.05555555555555555
0 0.2717391304347826 0.5277777777777778 0.07648953301127215 0.05152979066022544
0 0.2999194847020934 0.5181159420289855 0.05394524959742351 0.037037037037037035
0 0.4939613526570048 0.5144927536231884 0.050724637681159424 0.03784219001610306
