0 0.6164383561643836 0.5334407735697019 0.09508460918614021 0.0684931506849315
0 0.11160354552780016 0.5346494762288477 0.17969379532634971 0.08380338436744561
0 0.2832393231265109 0.5455278001611603 0.15551974214343273 0.09427880741337631
0 0.38477034649476227 0.5136986301369864 0.060435132957292505 0.045124899274778404
0 0.5511684125705076 0.5100725221595488 0.046736502820306204 0.0346494762288477
0 0.40975020145044316 0.5100725221595488 0.0427074939564867 0.031426269137792104
0 0.3331990330378727 0.5092667203867849 0.04754230459307011 0.028203062046736505
0 0.36946011281224816 0.5052377115229654 0.033037872683319904 0.021756647864625302
0 0.435535858178888 0.5024174053182917 0.021756647864625302 0.016116035455278
0 0.4814665592264303 0.5012087026591459 0.020145044319097503 0.018533440773569703
0 0.515713134568896 0.5012087026591459 0.019339242546333603 0.016921837228041903
0 0.5056406124093473 0.4991941982272361 0.015310233682514102 0.014504431909750202
1 0.290491539081386 0.49153908138597907 0.0346494762288477 0.021756647864625302
