0 0.09903381642512077 0.5672302737520128 0.19806763285024154 0.1529790660225443
0 0.10225442834138486 0.5434782608695652 0.20450885668276972 0.10386473429951691
0 0.17995169082125603 0.5414653784219001 0.22302737520128824 0.0821256038647343
0 0.21537842190016104 0.5269726247987118 0.2037037037037037 0.06763285024154589
0 0.2826086956521739 0.5185185185185185 0.13526570048309178 0.05394524959742351
0 0.30475040257648955 0.5124798711755234 0.13285024154589373 0.05958132045088567
5 0.43760064412238325 0.5108695652173914 0.012077294685990338 0.028985507246376812
0 0.8369565217391305 0.5833333333333334 0.3244766505636071 0.13365539452495975
0 0.8631239935587761 0.5458937198067633 0.2721417069243156 0.10869565217391304
0 0.7866344605475041 0.5370370370370371 0.20128824476650564 0.07971014492753623
0 0.7230273752012882 0.5322061191626409 0.15136876006441224 0.061996779388083734
0 0.6936392914653784 0.5225442834138486 0.11191626409017713 0.05233494363929147
0 0.6646537842190016 0.5221417069243156 0.12962962962962962 0.04830917874396135
0 0.6388888888888888 0.5193236714975845 0.11835748792270531 0.039452495974235106
0 0.6284219001610306 0.5128824476650563 0.09742351046698873 0.0426731078904992
0 0.3691626409017713 0.5104669887278583 0.08454106280193237 0.02818035426731079
0 0.38486312399355876 0.5100644122383253 0.07246376811594203 0.02576489533011272
0 0.5257648953301127 0.5088566827697263 0.030595813204508857 0.023349436392914653
0 0.5128824476650563 0.5040257648953301 0.01932367149758454 0.016908212560386472
1 0.49798711755233493 0.49516908212560384 0.012077294685990338 0.013687600644122383
