0 0.48188405797101447 0.5136876006441223 0.04589371980676329 0.03784219001610306
0 0.11714975845410629 0.5591787439613527 0.23429951690821257 0.14009661835748793
0 0.31561996779388085 0.5193236714975845 0.11594202898550725 0.04750402576489533
0 0.3474235104669887 0.5177133655394525 0.09420289855072464 0.03784219001610306
0 0.43397745571658614 0.5112721417069244 0.043478260869565216 0.02818035426731079
1 0.6014492753623188 0.5060386473429952 0.11594202898550725 0.10466988727858294
0 0.5140901771336553 0.501207729468599 0.020128824476650563 0.01610305958132045
0 0.20088566827697263 0.5217391304347826 0.09581320450885668 0.04589371980676329
1 0.2580515297906602 0.5052334943639292 0.09259259259259259 0.05636070853462158
0 0.48711755233494364 0.5048309178743962 0.0322061191626409 0.02818035426731079
0 0.1537842190016103 0.5116747181964574 0.07246376811594203 0.0322061191626409
5 0.09782608695652174 0.5132850241545893 0.036231884057971016 0.033816425120772944
