0 0.05958132045088567 0.572061191626409 0.11916264090177134 0.13043478260869565
0 0.13969404186795492 0.5487117552334944 0.26006441223832527 0.09339774557165861
0 0.22020933977455717 0.5370370370370371 0.20853462157809985 0.07971014492753623
0 0.25483091787439616 0.5277777777777778 0.14895330112721417 0.07085346215780998
0 0.2805958132045089 0.5229468599033816 0.16988727858293076 0.061191626409017714
0 0.2882447665056361 0.5173107890499195 0.1143317230273752 0.0499194847020934
0 0.3248792270531401 0.5157004830917874 0.11030595813204509 0.043478260869565216
0 0.3309178743961353 0.5136876006441223 0.1143317230273752 0.039452495974235106
0 0.3603059581320451 0.5080515297906603 0.08454106280193237 0.03462157809983897
0 0.36835748792270534 0.5032206119162641 0.08776167471819646 0.04106280193236715
5 0.45893719806763283 0.501207729468599 0.008051529790660225 0.01932367149758454
0 0.6107085346215781 0.5314009661835749 0.08776167471819646 0.06521739130434782
0 0.6843800322061192 0.5161030595813204 0.1320450885668277 0.05233494363929147
0 0.5950080515297906 0.5048309178743962 0.06924315619967794 0.03140096618357488
0 0.5241545893719807 0.5036231884057971 0.024154589371980676 0.017713365539452495
