0 0.1215780998389694 0.5793075684380032 0.2431561996779388 0.14170692431561996
0 0.9629629629629629 0.5861513687600645 0.07246376811594203 0.1280193236714976
0 0.2648953301127214 0.5426731078904992 0.14653784219001612 0.08132045088566828
0 0.8091787439613527 0.5752818035426731 0.2689210950080515 0.1497584541062802
0 0.33413848631239934 0.5261674718196457 0.0966183574879227 0.05314009661835749
0 0.6646537842190016 0.534219001610306 0.13285024154589373 0.0821256038647343
0 0.4174718196457327 0.5064412238325282 0.03784219001610306 0.026570048309178744
0 0.6151368760064412 0.5201288244766505 0.07729468599033816 0.05555555555555555
0 0.5925925925925926 0.5120772946859904 0.05314009661835749 0.04106280193236715
0 0.5760869565217391 0.5076489533011272 0.04589371980676329 0.0322061191626409
