0 0.499194847020934 0.5144927536231884 0.05475040257648953 0.04428341384863124
1 0.7318840579710145 0.535024154589372 0.21739130434782608 0.1723027375201288
1 0.10668276972624799 0.5064412238325282 0.14412238325281804 0.06682769726247988
0 0.25925925925925924 0.5285829307568438 0.1642512077294686 0.09339774557165861
0 0.3055555555555556 0.5241545893719807 0.14090177133655393 0.061996779388083734
0 0.34339774557165864 0.5165056360708534 0.12640901771336555 0.0499194847020934
0 0.394524959742351 0.5076489533011272 0.07729468599033816 0.037037037037037035
0 0.42914653784219003 0.4963768115942029 0.05475040257648953 0.02254428341384863
0 0.6038647342995169 0.5140901771336553 0.06924315619967794 0.043478260869565216
0 0.5768921095008052 0.5064412238325282 0.050724637681159424 0.03784219001610306
0 0.49315619967793883 0.5028180354267311 0.03140096618357488 0.028985507246376812
0 0.21175523349436393 0.4971819645732689 0.07568438003220612 0.030595813204508857
