0 0.5052334943639292 0.5165056360708534 0.050724637681159424 0.04186795491143317
0 0.06481481481481481 0.571256038647343 0.12962962962962962 0.15780998389694043
0 0.16586151368760063 0.5648148148148148 0.27375201288244766 0.13848631239935588
0 0.3389694041867955 0.5253623188405797 0.12399355877616747 0.06602254428341385
0 0.3522544283413849 0.5148953301127214 0.09903381642512077 0.0499194847020934
0 0.41264090177133655 0.5056360708534622 0.07648953301127215 0.029790660225442835
1 0.4613526570048309 0.4891304347826087 0.04508856682769726 0.02254428341384863
0 0.7419484702093397 0.5551529790660226 0.19404186795491143 0.10305958132045089
0 0.6376811594202898 0.5189210950080515 0.09500805152979067 0.0644122383252818
0 0.5780998389694042 0.5076489533011272 0.04186795491143317 0.028985507246376812
0 0.5692431561996779 0.5020128824476651 0.03864734299516908 0.030595813204508857
0 0.5024154589371981 0.5028180354267311 0.030595813204508857 0.027375201288244767
0 0.07769726247987117 0.5048309178743962 0.13768115942028986 0.04750402576489533
1 0.6928341384863124 0.4943639291465378 0.08454106280193237 0.033011272141706925
