0 0.4939613526570048 0.5144927536231884 0.04428341384863124 0.036231884057971016
0 0.1320450885668277 0.5696457326892109 0.21256038647342995 0.14492753623188406
0 0.24436392914653784 0.5410628019323671 0.1747181964573269 0.09420289855072464
0 0.3425925925925926 0.5185185185185185 0.11674718196457327 0.04911433172302738
0 0.36553945249597425 0.5140901771336553 0.09178743961352658 0.043478260869565216
0 0.39049919484702095 0.5084541062801933 0.07246376811594203 0.030595813204508857
1 0.40982286634460546 0.4967793880837359 0.0821256038647343 0.04428341384863124
0 0.8603059581320451 0.5640096618357487 0.2777777777777778 0.1723027375201288
0 0.7930756843800322 0.5201288244766505 0.15780998389694043 0.06038647342995169
0 0.48993558776167473 0.5056360708534622 0.02818035426731079 0.0249597423510467
0 0.07971014492753623 0.538647342995169 0.15942028985507245 0.08454106280193237
1 0.9263285024154589 0.5100644122383253 0.1457326892109501 0.08695652173913043
0 0.19404186795491143 0.5052334943639292 0.07890499194847021 0.03542673107890499
2 0.3397745571658615 0.4927536231884058 0.04508856682769726 0.033011272141706925
