0 0.8264895330112721 0.570450885668277 0.34541062801932365 0.15942028985507245
0 0.11996779388083736 0.5805152979066023 0.23993558776167473 0.1392914653784219
0 0.2636876006441224 0.5374396135265701 0.15056360708534622 0.10144927536231885
0 0.6183574879227053 0.5237520128824477 0.10144927536231885 0.07246376811594203
0 0.34581320450885666 0.5217391304347826 0.0861513687600644 0.06360708534621579
0 0.5817230273752013 0.5108695652173914 0.071658615136876 0.04669887278582931
1 0.5555555555555556 0.49074074074074076 0.0644122383252818 0.06602254428341385
0 0.5140901771336553 0.4963768115942029 0.021739130434782608 0.017713365539452495
0 0.4247181964573269 0.49879227053140096 0.023349436392914653 0.01610305958132045
0 0.500402576489533 0.49476650563607083 0.026570048309178744 0.017713365539452495
0 0.4782608695652174 0.49557165861513686 0.020933977455716585 0.01288244766505636
