0 0.9396135265700483 0.5148953301127214 0.11916264090177134 0.09017713365539452
0 0.8808373590982287 0.5112721417069244 0.15136876006441224 0.0748792270531401
0 0.8164251207729468 0.5116747181964574 0.13848631239935588 0.05636070853462158
0 0.7693236714975845 0.5092592592592593 0.107085346215781 0.04669887278582931
0 0.8051529790660226 0.5692431561996779 0.31239935587761675 0.16183574879227053
0 0.6561996779388084 0.538244766505636 0.1143317230273752 0.07568438003220612
0 0.3188405797101449 0.5462962962962963 0.1529790660225443 0.09822866344605476
1 0.3824476650563607 0.5185185185185185 0.10305958132045089 0.07809983896940419
0 0.7334943639291466 0.5064412238325282 0.09178743961352658 0.039452495974235106
0 0.679549114331723 0.500402576489533 0.09500805152979067 0.040257648953301126
1 0.6815619967793881 0.4971819645732689 0.11835748792270531 0.040257648953301126
0 0.41867954911433175 0.5185185185185185 0.057971014492753624 0.04750402576489533
0 0.4355877616747182 0.5128824476650563 0.0499194847020934 0.036231884057971016
0 0.6115136876006442 0.4963768115942029 0.06038647342995169 0.020933977455716585
2 0.5318035426731079 0.48711755233494364 0.05555555555555555 0.05877616747181964
