0 0.6223832528180354 0.5322061191626409 0.11594202898550725 0.08132045088566828
0 0.1356682769726248 0.5297906602254429 0.1747181964573269 0.061996779388083734
0 0.8397745571658615 0.5748792270531401 0.3188405797101449 0.15056360708534622
0 0.5813204508856683 0.5148953301127214 0.06602254428341385 0.05314009661835749
0 0.35628019323671495 0.5221417069243156 0.07326892109500806 0.0499194847020934
0 0.3864734299516908 0.5116747181964574 0.05314009661835749 0.043478260869565216
0 0.5499194847020934 0.5072463768115942 0.043478260869565216 0.03462157809983897
0 0.966988727858293 0.5853462157809984 0.0644122383252818 0.12962962962962962
0 0.41223832528180354 0.5084541062801933 0.040257648953301126 0.033816425120772944
1 0.534219001610306 0.4895330112721417 0.04106280193236715 0.0426731078904992
0 0.44041867954911434 0.49838969404186795 0.01932367149758454 0.012077294685990338
