0 0.8913043478260869 0.5785024154589372 0.21578099838969403 0.143317230273752
0 0.18518518518518517 0.5841384863123994 0.23832528180354268 0.1320450885668277
0 0.6239935587761675 0.5370370370370371 0.11272141706924316 0.08132045088566828
0 0.3389694041867955 0.5314009661835749 0.09500805152979067 0.06521739130434782
0 0.40096618357487923 0.5144927536231884 0.040257648953301126 0.033011272141706925
5 0.45974235104669886 0.5024154589371981 0.008051529790660225 0.020128824476650563
5 0.4690016103059581 0.5024154589371981 0.007246376811594203 0.018518518518518517
0 0.42592592592592593 0.5084541062801933 0.027375201288244767 0.01932367149758454
0 0.5193236714975845 0.500805152979066 0.01610305958132045 0.013687600644122383
0 0.5491143317230274 0.5096618357487923 0.043478260869565216 0.036231884057971016
