0 0.11231884057971014 0.5829307568438004 0.2246376811594203 0.13446054750402575
0 0.9174718196457327 0.5744766505636071 0.16344605475040258 0.15136876006441224
0 0.7616747181964574 0.570450885668277 0.25442834138486314 0.15619967793880837
0 0.24879227053140096 0.5406602254428341 0.12399355877616747 0.07407407407407407
0 0.607487922705314 0.5217391304347826 0.08293075684380032 0.05394524959742351
0 0.3502415458937198 0.5189210950080515 0.07246376811594203 0.04186795491143317
0 0.5756843800322061 0.5148953301127214 0.061191626409017714 0.040257648953301126
0 0.40418679549114334 0.5056360708534622 0.0322061191626409 0.0249597423510467
0 0.5495169082125604 0.5072463768115942 0.039452495974235106 0.029790660225442835
0 0.4392109500805153 0.4971819645732689 0.0426731078904992 0.014492753623188406
