0 0.6988727858293076 0.5088566827697263 0.19484702093397746 0.06843800322061191
0 0.9174718196457327 0.4826892109500805 0.10225442834138486 0.030595813204508857
0 0.8888888888888888 0.48429951690821255 0.09822866344605476 0.028985507246376812
0 0.8623188405797102 0.48389694041867953 0.0966183574879227 0.02818035426731079
0 0.3695652173913043 0.5148953301127214 0.05152979066022544 0.040257648953301126
0 0.43719806763285024 0.5072463768115942 0.040257648953301126 0.03140096618357488
0 0.6610305958132046 0.49074074074074076 0.08856682769726248 0.033816425120772944
0 0.7459742351046699 0.48389694041867953 0.04428341384863124 0.0249597423510467
1 0.8297101449275363 0.47946859903381644 0.050724637681159424 0.028985507246376812
0 0.7757648953301127 0.48429951690821255 0.04911433172302738 0.02254428341384863
0 0.39009661835748793 0.5112721417069244 0.04428341384863124 0.03140096618357488
0 0.532608695652174 0.49879227053140096 0.03140096618357488 0.020933977455716585
0 0.4915458937198068 0.500805152979066 0.021739130434782608 0.016908212560386472
