0 0.49114331723027377 0.501610305958132 0.01932367149758454 0.018518518518518517
0 0.8623188405797102 0.5748792270531401 0.27375201288244766 0.15056360708534622
0 0.4416264090177134 0.5084541062801933 0.03140096618357488 0.02576489533011272
0 0.6316425120772947 0.533816425120773 0.10547504025764895 0.07648953301127215
0 0.5873590982286635 0.5205314009661836 0.07809983896940419 0.05958132045088567
0 0.5672302737520128 0.5128824476650563 0.05233494363929147 0.04911433172302738
0 0.5434782608695652 0.5072463768115942 0.03864734299516908 0.029790660225442835
0 0.5245571658615137 0.500805152979066 0.021739130434782608 0.020128824476650563
0 0.3526570048309179 0.5048309178743962 0.04830917874396135 0.018518518518518517
0 0.2894524959742351 0.5056360708534622 0.05394524959742351 0.018518518518518517
