0 0.9698067632850241 0.5165056360708534 0.05877616747181964 0.0998389694041868
0 0.9198872785829307 0.5144927536231884 0.15861513687600645 0.08454106280193237
0 0.8458132045088567 0.5112721417069244 0.15056360708534622 0.061996779388083734
0 0.785426731078905 0.5088566827697263 0.11513687600644122 0.050724637681159424
0 0.8401771336553945 0.571658615136876 0.31803542673107893 0.1570048309178744
0 0.67914653784219 0.5430756843800322 0.1392914653784219 0.08856682769726248
0 0.2882447665056361 0.5547504025764896 0.19001610305958133 0.11674718196457327
1 0.36835748792270534 0.5197262479871175 0.11674718196457327 0.08695652173913043
0 0.7467793880837359 0.5048309178743962 0.09742351046698873 0.0426731078904992
0 0.6892109500805152 0.49838969404186795 0.10144927536231885 0.0426731078904992
1 0.6888083735909822 0.49557165861513686 0.1247987117552335 0.04186795491143317
0 0.4110305958132045 0.5173107890499195 0.06360708534621579 0.05152979066022544
0 0.43156199677938806 0.5112721417069244 0.05475040257648953 0.03784219001610306
2 0.533011272141707 0.4863123993558776 0.057971014492753624 0.061996779388083734
