0 0.5044283413848631 0.5201288244766505 0.06360708534621579 0.06038647342995169
1 0.7351046698872786 0.5245571658615137 0.20128824476650564 0.13365539452495975
0 0.6324476650563607 0.5132850241545893 0.11996779388083736 0.05475040257648953
0 0.571256038647343 0.5 0.06360708534621579 0.026570048309178744
0 0.5495169082125604 0.499194847020934 0.0426731078904992 0.020128824476650563
0 0.09903381642512077 0.5253623188405797 0.16747181964573268 0.06924315619967794
1 0.12600644122383253 0.5157004830917874 0.25201288244766507 0.21256038647342995
0 0.21457326892109502 0.5173107890499195 0.09259259259259259 0.04669887278582931
0 0.2834138486312399 0.5140901771336553 0.05958132045088567 0.028985507246376812
0 0.36312399355877617 0.5036231884057971 0.037037037037037035 0.01932367149758454
0 0.3788244766505636 0.5 0.026570048309178744 0.021739130434782608
0 0.40458937198067635 0.4967793880837359 0.026570048309178744 0.015297906602254429
0 0.4363929146537842 0.4971819645732689 0.02576489533011272 0.011272141706924315
0 0.9440418679549114 0.5108695652173914 0.11030595813204509 0.0322061191626409
0 0.143317230273752 0.5124798711755234 0.07246376811594203 0.037037037037037035
