0 0.5132850241545893 0.5241545893719807 0.06038647342995169 0.0571658615136876
0 0.6646537842190016 0.5209339774557166 0.12640901771336555 0.06360708534621579
0 0.5970209339774557 0.5116747181964574 0.07004830917874397 0.03542673107890499
0 0.570450885668277 0.5084541062801933 0.061996779388083734 0.02576489533011272
0 0.02576489533011272 0.5519323671497585 0.05152979066022544 0.07085346215780998
0 0.3276972624798712 0.5213365539452496 0.07085346215780998 0.04186795491143317
0 0.42069243156199676 0.5084541062801933 0.033011272141706925 0.024154589371980676
0 0.45933977455716585 0.5032206119162641 0.023349436392914653 0.016908212560386472
0 0.2713365539452496 0.5209339774557166 0.07568438003220612 0.036231884057971016
0 0.3111916264090177 0.5124798711755234 0.050724637681159424 0.033816425120772944
0 0.3647342995169082 0.5084541062801933 0.03864734299516908 0.02254428341384863
0 0.41827697262479874 0.5060386473429952 0.03462157809983897 0.01610305958132045
0 0.1570048309178744 0.5185185185185185 0.0821256038647343 0.036231884057971016
0 0.15539452495974235 0.5116747181964574 0.0821256038647343 0.02576489533011272
