0 0.893317230273752 0.5479066022544283 0.21175523349436393 0.20450885668276972
1 0.42995169082125606 0.5064412238325282 0.04830917874396135 0.05394524959742351
1 0.782608695652174 0.4891304347826087 0.22061191626409019 0.08373590982286634
0 0.25442834138486314 0.5189210950080515 0.07729468599033816 0.04186795491143317
0 0.17149758454106281 0.5120772946859904 0.0966183574879227 0.0571658615136876
0 0.3615136876006441 0.501610305958132 0.03864734299516908 0.029790660225442835
0 0.5813204508856683 0.5052334943639292 0.06763285024154589 0.037037037037037035
0 0.4605475040257649 0.49355877616747185 0.028985507246376812 0.0249597423510467
1 0.4915458937198068 0.4851046698872786 0.029790660225442835 0.0322061191626409
0 0.6276167471819646 0.501610305958132 0.071658615136876 0.039452495974235106
1 0.9524959742351047 0.4810789049919485 0.09339774557165861 0.05958132045088567
2 0.45450885668276975 0.4810789049919485 0.029790660225442835 0.04508856682769726
0 0.0430756843800322 0.5237520128824477 0.0861513687600644 0.04508856682769726
