0 0.6265108783239323 0.5362610797743755 0.10233682514101532 0.07413376309427881
0 0.16277195809830783 0.5282030620467365 0.1434327155519742 0.07091055600322321
0 0.2884770346494762 0.5443190975020145 0.1514907332796132 0.09186140209508462
0 0.38839645447219984 0.5136986301369864 0.05801772763900081 0.043513295729250605
0 0.556406124093473 0.5112812248186946 0.04915390813859791 0.037066881547139406
0 0.41055600322320707 0.5088638195004029 0.0427074939564867 0.030620467365028204
0 0.3364222401289283 0.5088638195004029 0.04593070104754231 0.0273972602739726
0 0.3698630136986301 0.5032232070910556 0.030620467365028204 0.020950846091861403
0 0.4363416599516519 0.5016116035455278 0.021756647864625302 0.016116035455278
0 0.48267526188557613 0.5012087026591459 0.020950846091861403 0.020145044319097503
0 0.5233682514101531 0.5016116035455278 0.021756647864625302 0.017727639000805803
0 0.508460918614021 0.49879129734085415 0.016116035455278 0.015310233682514102
