0 0.4927536231884058 0.5108695652173914 0.043478260869565216 0.03542673107890499
1 0.16908212560386474 0.5309983896940419 0.2834138486312399 0.23832528180354268
0 0.30475040257648955 0.5273752012882448 0.15217391304347827 0.061996779388083734
0 0.38164251207729466 0.5064412238325282 0.09339774557165861 0.0426731078904992
0 0.4219001610305958 0.49879227053140096 0.05636070853462158 0.027375201288244767
1 0.537842190016103 0.49355877616747185 0.037037037037037035 0.03462157809983897
0 0.4887278582930757 0.5024154589371981 0.027375201288244767 0.0249597423510467
1 0.3446054750402576 0.5108695652173914 0.14009661835748793 0.06602254428341385
0 0.06763285024154589 0.5362318840579711 0.13526570048309178 0.09581320450885668
2 0.21980676328502416 0.4834943639291465 0.10628019323671498 0.061191626409017714
