0 0.06682769726247988 0.5499194847020934 0.13365539452495975 0.18760064412238325
5 0.34581320450885666 0.53341384863124 0.04106280193236715 0.07568438003220612
0 0.9122383252818036 0.5740740740740741 0.17391304347826086 0.15217391304347827
0 0.8482286634460547 0.5567632850241546 0.30193236714975846 0.11272141706924316
0 0.7975040257648953 0.5318035426731079 0.2471819645732689 0.10305958132045089
0 0.25885668276972623 0.5217391304347826 0.16022544283413848 0.050724637681159424
0 0.2962962962962963 0.5185185185185185 0.1288244766505636 0.04428341384863124
0 0.533816425120773 0.5140901771336553 0.05152979066022544 0.037037037037037035
0 0.37037037037037035 0.5044283413848631 0.06602254428341385 0.02576489533011272
0 0.5092592592592593 0.5028180354267311 0.026570048309178744 0.02254428341384863
1 0.4887278582930757 0.49114331723027377 0.014492753623188406 0.016908212560386472
