0 0.15338164251207728 0.5813204508856683 0.30676328502415456 0.13768115942028986
0 0.4029790660225443 0.5257648953301127 0.06682769726247988 0.05555555555555555
0 0.4363929146537842 0.5148953301127214 0.03864734299516908 0.033816425120772944
1 0.45128824476650564 0.501207729468599 0.033011272141706925 0.037037037037037035
0 0.5954106280193237 0.5140901771336553 0.10869565217391304 0.04186795491143317
0 0.5789049919484702 0.5108695652173914 0.09178743961352658 0.0322061191626409
0 0.5471014492753623 0.5056360708534622 0.06521739130434782 0.026570048309178744
1 0.4669887278582931 0.5 0.02254428341384863 0.021739130434782608
1 0.3361513687600644 0.538244766505636 0.1473429951690821 0.12077294685990338
5 0.8820450885668277 0.5205314009661836 0.09098228663446055 0.08856682769726248
