0 0.4939613526570048 0.5116747181964574 0.04589371980676329 0.037037037037037035
0 0.052737520128824475 0.5483091787439613 0.10547504025764895 0.2037037037037037
0 0.25966183574879226 0.5362318840579711 0.15861513687600645 0.08132045088566828
0 0.321658615136876 0.5193236714975845 0.13446054750402575 0.07648953301127215
0 0.37077294685990336 0.5148953301127214 0.10064412238325282 0.040257648953301126
0 0.37922705314009664 0.5104669887278583 0.08856682769726248 0.036231884057971016
0 0.40177133655394526 0.5052334943639292 0.06280193236714976 0.02576489533011272
0 0.4178743961352657 0.501207729468599 0.05475040257648953 0.02254428341384863
1 0.6086956521739131 0.5064412238325282 0.10466988727858294 0.08776167471819646
0 0.5402576489533011 0.5024154589371981 0.02576489533011272 0.020128824476650563
0 0.48792270531400966 0.5020128824476651 0.028985507246376812 0.02576489533011272
0 0.08091787439613526 0.5394524959742351 0.16183574879227053 0.08132045088566828
0 0.10748792270531402 0.5148953301127214 0.12640901771336555 0.043478260869565216
1 0.2608695652173913 0.501610305958132 0.08695652173913043 0.06038647342995169
0 0.1932367149758454 0.5056360708534622 0.07246376811594203 0.036231884057971016
