0 0.49476650563607083 0.5072463768115942 0.03784219001610306 0.036231884057971016
0 0.9601449275362319 0.570450885668277 0.07809983896940419 0.15942028985507245
0 0.823268921095008 0.5615942028985508 0.24074074074074073 0.13848631239935588
0 0.3752012882447665 0.5080515297906603 0.03864734299516908 0.023349436392914653
0 0.02818035426731079 0.5805152979066023 0.05636070853462158 0.1247987117552335
0 0.6288244766505636 0.5116747181964574 0.11755233494363929 0.05152979066022544
0 0.5825281803542673 0.5064412238325282 0.0861513687600644 0.03462157809983897
1 0.5503220611916264 0.4971819645732689 0.061996779388083734 0.028985507246376812
0 0.34822866344605474 0.5024154589371981 0.036231884057971016 0.021739130434782608
0 0.3663446054750403 0.499194847020934 0.028985507246376812 0.018518518518518517
0 0.4078099838969404 0.4975845410628019 0.020128824476650563 0.012077294685990338
0 0.3248792270531401 0.5 0.023349436392914653 0.016908212560386472
0 0.15217391304347827 0.5032206119162641 0.030595813204508857 0.018518518518518517
