0 0.13365539452495975 0.5845410628019324 0.2673107890499195 0.13123993558776167
0 0.8482286634460547 0.5785024154589372 0.30193236714975846 0.143317230273752
0 0.6815619967793881 0.5668276972624798 0.1972624798711755 0.11996779388083736
0 0.27979066022544286 0.5668276972624798 0.18115942028985507 0.107085346215781
0 0.3506441223832528 0.5410628019323671 0.08132045088566828 0.06360708534621579
0 0.38687600644122383 0.5314009661835749 0.06360708534621579 0.04589371980676329
0 0.6099033816425121 0.534621578099839 0.09581320450885668 0.06521739130434782
0 0.5797101449275363 0.5233494363929146 0.05958132045088567 0.04589371980676329
0 0.7580515297906603 0.5048309178743962 0.09742351046698873 0.04428341384863124
0 0.5309983896940419 0.5120772946859904 0.03140096618357488 0.021739130434782608
0 0.49355877616747185 0.5104669887278583 0.02576489533011272 0.015297906602254429
0 0.46859903381642515 0.5080515297906603 0.030595813204508857 0.013687600644122383
5 0.42914653784219003 0.5080515297906603 0.011272141706924315 0.015297906602254429
