0 0.508460918614021 0.5040290088638195 0.019339242546333603 0.016116035455278
0 0.20668815471394036 0.5576148267526189 0.20225624496373892 0.11845286059629331
0 0.029814665592264304 0.5499597099113618 0.05962933118452861 0.09347300564061241
1 0.1297340854149879 0.5253827558420628 0.145044319097502 0.08299758259468171
0 0.7320709105560033 0.5672844480257857 0.23771152296535053 0.14585012087026591
0 0.35294117647058826 0.5225624496373892 0.07091055600322321 0.045124899274778404
1 0.2594681708299758 0.5124899274778405 0.09508460918614021 0.053988718775181306
0 0.3896051571313457 0.5141015310233682 0.04754230459307011 0.033037872683319904
0 0.4814665592264303 0.5092667203867849 0.033037872683319904 0.031426269137792104
0 0.32755842062852536 0.5108783239323127 0.04915390813859791 0.028203062046736505
0 0.4202256244963739 0.5060435132957293 0.021756647864625302 0.018533440773569703
1 0.3517324738114424 0.5028203062046737 0.0394842868654311 0.028203062046736505
1 0.43513295729250606 0.49717969379532634 0.016116035455278 0.021756647864625302
