0 0.0680354267310789 0.5793075684380032 0.1360708534621578 0.14170692431561996
0 0.12439613526570048 0.5579710144927537 0.24879227053140096 0.1215780998389694
0 0.16304347826086957 0.5406602254428341 0.21658615136876005 0.09822866344605476
0 0.21256038647342995 0.5318035426731079 0.2286634460547504 0.08051529790660225
0 0.23792270531400966 0.5233494363929146 0.14895330112721417 0.06360708534621579
0 0.28703703703703703 0.5221417069243156 0.1392914653784219 0.05314009661835749
0 0.29830917874396135 0.5148953301127214 0.1392914653784219 0.04669887278582931
0 0.3365539452495974 0.5084541062801933 0.0998389694041868 0.040257648953301126
0 0.3502415458937198 0.5044283413848631 0.10144927536231885 0.04669887278582931
5 0.4524959742351047 0.5036231884057971 0.00966183574879227 0.02254428341384863
0 0.6570048309178744 0.5487117552334944 0.13365539452495975 0.09339774557165861
0 0.7306763285024155 0.5217391304347826 0.17149758454106281 0.06682769726247988
0 0.6127214170692431 0.5100644122383253 0.09339774557165861 0.030595813204508857
0 0.606682769726248 0.5048309178743962 0.07809983896940419 0.03462157809983897
0 0.391304347826087 0.5044283413848631 0.07085346215780998 0.024154589371980676
0 0.5249597423510467 0.5024154589371981 0.02576489533011272 0.020128824476650563
