0 0.49516908212560384 0.5080515297906603 0.033816425120772944 0.033011272141706925
0 0.04750402576489533 0.5418679549114331 0.09500805152979067 0.07326892109500806
0 0.14251207729468598 0.5261674718196457 0.14009661835748793 0.05958132045088567
0 0.6803542673107891 0.5233494363929146 0.13526570048309178 0.07326892109500806
0 0.6525764895330113 0.5173107890499195 0.12318840579710146 0.05636070853462158
0 0.607487922705314 0.5144927536231884 0.10225442834138486 0.04428341384863124
0 0.5889694041867954 0.5100644122383253 0.0861513687600644 0.04186795491143317
0 0.5833333333333334 0.5064412238325282 0.07971014492753623 0.033011272141706925
0 0.570450885668277 0.5044283413848631 0.071658615136876 0.0322061191626409
0 0.4384057971014493 0.499597423510467 0.015297906602254429 0.011272141706924315
0 0.5366344605475041 0.49838969404186795 0.04106280193236715 0.015297906602254429
1 0.5285829307568438 0.49557165861513686 0.036231884057971016 0.01610305958132045
0 0.40942028985507245 0.49879227053140096 0.018518518518518517 0.01288244766505636
