0 0.49476650563607083 0.5072463768115942 0.03784219001610306 0.036231884057971016
0 0.8675523349436393 0.572061191626409 0.2632850241545894 0.15619967793880837
0 0.3679549114331723 0.5096618357487923 0.04186795491143317 0.0249597423510467
0 0.6364734299516909 0.5132850241545893 0.12318840579710146 0.05475040257648953
0 0.5865539452495975 0.5072463768115942 0.0893719806763285 0.036231884057971016
1 0.5527375201288245 0.4975845410628019 0.06360708534621579 0.029790660225442835
0 0.34541062801932365 0.5036231884057971 0.037037037037037035 0.02254428341384863
0 0.3647342995169082 0.499597423510467 0.028985507246376812 0.01932367149758454
0 0.40700483091787437 0.49838969404186795 0.020128824476650563 0.012077294685990338
0 0.321658615136876 0.5 0.023349436392914653 0.016908212560386472
0 0.1457326892109501 0.5028180354267311 0.030595813204508857 0.01932367149758454
