0 0.7069243156199678 0.5450885668276972 0.16586151368760063 0.09742351046698873
0 0.4758454106280193 0.500402576489533 0.06280193236714976 0.02254428341384863
5 0.7266505636070854 0.5096618357487923 0.061996779388083734 0.04750402576489533
0 0.642512077294686 0.4939613526570048 0.05958132045088567 0.02254428341384863
0 0.7926731078904992 0.49114331723027377 0.07648953301127215 0.021739130434782608
1 0.9681964573268921 0.48792270531400966 0.061996779388083734 0.02818035426731079
0 0.35104669887278583 0.5032206119162641 0.05152979066022544 0.021739130434782608
0 0.21497584541062803 0.5056360708534622 0.0499194847020934 0.021739130434782608
0 0.47946859903381644 0.49557165861513686 0.018518518518518517 0.01288244766505636
0 0.4504830917874396 0.4963768115942029 0.021739130434782608 0.01288244766505636
