0 0.8731884057971014 0.5861513687600645 0.25201288244766507 0.1280193236714976
0 0.6348631239935588 0.5318035426731079 0.11996779388083736 0.09500805152979067
0 0.1388888888888889 0.5418679549114331 0.2777777777777778 0.09742351046698873
0 0.21296296296296297 0.5285829307568438 0.2037037037037037 0.07890499194847021
0 0.23148148148148148 0.5177133655394525 0.15539452495974235 0.07971014492753623
0 0.2644927536231884 0.5197262479871175 0.1280193236714976 0.0499194847020934
0 0.3248792270531401 0.5144927536231884 0.11191626409017713 0.0426731078904992
0 0.3474235104669887 0.5128824476650563 0.10225442834138486 0.04106280193236715
0 0.34903381642512077 0.5064412238325282 0.08132045088566828 0.039452495974235106
0 0.35909822866344604 0.5056360708534622 0.0998389694041868 0.036231884057971016
0 0.39492753623188404 0.49355877616747185 0.06360708534621579 0.029790660225442835
5 0.464573268921095 0.49355877616747185 0.00644122383252818 0.015297906602254429
0 0.5543478260869565 0.5116747181964574 0.0426731078904992 0.033816425120772944
0 0.5148953301127214 0.4971819645732689 0.018518518518518517 0.014492753623188406
