0 0.9380032206119162 0.572866344605475 0.12238325281803543 0.15458937198067632
0 0.7612721417069244 0.5221417069243156 0.21336553945249598 0.07890499194847021
0 0.1252012882447665 0.5217391304347826 0.250402576489533 0.1360708534621578
0 0.17954911433172302 0.5305958132045089 0.18035426731078905 0.06843800322061191
1 0.5623993558776168 0.4967793880837359 0.06682769726247988 0.06521739130434782
0 0.29830917874396135 0.5185185185185185 0.14090177133655393 0.04589371980676329
0 0.3462157809983897 0.5080515297906603 0.10950080515297907 0.04428341384863124
1 0.5277777777777778 0.49355877616747185 0.036231884057971016 0.039452495974235106
0 0.3860708534621578 0.5032206119162641 0.05233494363929147 0.023349436392914653
1 0.42592592592592593 0.4923510466988728 0.05636070853462158 0.027375201288244767
