0 0.8723832528180354 0.572061191626409 0.2536231884057971 0.15619967793880837
0 0.13043478260869565 0.5664251207729468 0.22544283413848631 0.11594202898550725
0 0.6481481481481481 0.5293880837359098 0.11916264090177134 0.07407407407407407
0 0.3140096618357488 0.5233494363929146 0.09822866344605476 0.05233494363929147
0 0.5958132045088567 0.5173107890499195 0.07890499194847021 0.0499194847020934
0 0.392512077294686 0.5060386473429952 0.03784219001610306 0.028985507246376812
0 0.5579710144927537 0.5072463768115942 0.04669887278582931 0.03462157809983897
0 0.5479066022544283 0.5048309178743962 0.03784219001610306 0.02818035426731079
0 0.40660225442834136 0.5032206119162641 0.028985507246376812 0.023349436392914653
0 0.4146537842190016 0.49597423510466987 0.04669887278582931 0.015297906602254429
