0 0.4975845410628019 0.5068438003220612 0.04186795491143317 0.033816425120772944
0 0.10225442834138486 0.5628019323671497 0.19001610305958133 0.12318840579710146
0 0.2037037037037037 0.5398550724637681 0.1723027375201288 0.09339774557165861
0 0.3055555555555556 0.5173107890499195 0.107085346215781 0.04669887278582931
0 0.4214975845410628 0.5209339774557166 0.06360708534621579 0.04589371980676329
0 0.44001610305958133 0.5112721417069244 0.050724637681159424 0.03784219001610306
0 0.3743961352657005 0.5048309178743962 0.08051529790660225 0.033011272141706925
0 0.6727053140096618 0.5503220611916264 0.15539452495974235 0.10144927536231885
2 0.605072463768116 0.4806763285024155 0.11674718196457327 0.1215780998389694
0 0.5422705314009661 0.5032206119162641 0.033011272141706925 0.026570048309178744
2 0.5209339774557166 0.4855072463768116 0.0322061191626409 0.04106280193236715
0 0.48792270531400966 0.501610305958132 0.027375201288244767 0.0249597423510467
0 0.1570048309178744 0.5120772946859904 0.0821256038647343 0.03462157809983897
