0 0.4532634971796938 0.5096696212731668 0.0427074939564867 0.038678485092667206
0 0.33843674456083805 0.5282030620467365 0.09508460918614021 0.07091055600322321
0 0.03263497179693795 0.5560032232070911 0.0652699435938759 0.10072522159548751
0 0.21394037066881547 0.523771152296535 0.10394842868654311 0.052377115229653506
1 0.09387590652699436 0.5132957292506044 0.13940370668815472 0.06688154713940371
0 0.36180499597099114 0.515713134568896 0.0499597099113618 0.0378726833199033
0 0.28968573730862207 0.5132957292506044 0.057211925866236905 0.033037872683319904
0 0.21555197421434327 0.5108783239323127 0.058823529411764705 0.028203062046736505
1 0.34286865431103947 0.4975825946817083 0.0378726833199033 0.037066881547139406
2 0.4073327961321515 0.48912167606768736 0.020145044319097503 0.033037872683319904
