0 0.5052334943639292 0.5157004830917874 0.050724637681159424 0.04186795491143317
0 0.12399355877616747 0.5756843800322061 0.24798711755233493 0.14895330112721417
0 0.322061191626409 0.5297906602254429 0.13687600644122383 0.0748792270531401
0 0.3417874396135266 0.5193236714975845 0.11191626409017713 0.05555555555555555
0 0.4078099838969404 0.5052334943639292 0.08132045088566828 0.0322061191626409
1 0.4605475040257649 0.4883252818035427 0.04508856682769726 0.02254428341384863
0 0.7991143317230274 0.572061191626409 0.2584541062801932 0.1320450885668277
0 0.6533816425120773 0.5213365539452496 0.10869565217391304 0.07085346215780998
0 0.605072463768116 0.5132850241545893 0.06038647342995169 0.040257648953301126
0 0.5829307568438004 0.5084541062801933 0.04508856682769726 0.030595813204508857
0 0.572866344605475 0.5036231884057971 0.04106280193236715 0.0322061191626409
0 0.17673107890499196 0.5221417069243156 0.14895330112721417 0.05636070853462158
0 0.5028180354267311 0.501207729468599 0.029790660225442835 0.027375201288244767
0 0.05998389694041868 0.5100644122383253 0.11996779388083736 0.05152979066022544
0 0.25885668276972623 0.5116747181964574 0.09098228663446055 0.043478260869565216
1 0.6996779388083736 0.4939613526570048 0.08856682769726248 0.033816425120772944
