0 0.500805152979066 0.5096618357487923 0.04830917874396135 0.04589371980676329
0 0.856682769726248 0.5688405797101449 0.2640901771336554 0.16264090177133655
0 0.7383252818035426 0.5362318840579711 0.178743961352657 0.10064412238325282
0 0.6888083735909822 0.5157004830917874 0.1360708534621578 0.07568438003220612
1 0.6123188405797102 0.501207729468599 0.11191626409017713 0.057971014492753624
0 0.5805152979066023 0.501610305958132 0.07890499194847021 0.033011272141706925
0 0.5503220611916264 0.49516908212560384 0.04911433172302738 0.020128824476650563
0 0.2560386473429952 0.5080515297906603 0.07568438003220612 0.039452495974235106
1 0.39814814814814814 0.49114331723027377 0.04589371980676329 0.04106280193236715
0 0.3023349436392915 0.5060386473429952 0.05233494363929147 0.030595813204508857
0 0.3385668276972625 0.5036231884057971 0.039452495974235106 0.020933977455716585
0 0.38727858293075684 0.4971819645732689 0.028985507246376812 0.01610305958132045
0 0.24396135265700483 0.5044283413848631 0.043478260869565216 0.02576489533011272
