0 0.49476650563607083 0.5076489533011272 0.036231884057971016 0.033816425120772944
0 0.8611111111111112 0.571658615136876 0.27616747181964574 0.1570048309178744
0 0.7443639291465378 0.5398550724637681 0.20531400966183574 0.11916264090177134
0 0.6880032206119162 0.5277777777777778 0.14090177133655393 0.07407407407407407
0 0.6461352657004831 0.5177133655394525 0.1280193236714976 0.05394524959742351
0 0.4174718196457327 0.5 0.021739130434782608 0.013687600644122383
0 0.34057971014492755 0.5152979066022544 0.05636070853462158 0.03462157809983897
0 0.5845410628019324 0.5052334943639292 0.0821256038647343 0.033816425120772944
0 0.5595813204508857 0.501610305958132 0.0644122383252818 0.0249597423510467
1 0.5402576489533011 0.49516908212560384 0.0499194847020934 0.023349436392914653
0 0.3723832528180354 0.5 0.02818035426731079 0.018518518518518517
0 0.3860708534621578 0.49798711755233493 0.023349436392914653 0.01610305958132045
0 0.3502415458937198 0.499194847020934 0.017713365539452495 0.013687600644122383
