0 0.4774375503626108 0.5032232070910556 0.033037872683319904 0.030620467365028204
0 0.18654311039484286 0.564867042707494 0.22804190169218372 0.1168412570507655
0 0.18130539887187752 0.5253827558420628 0.12087026591458501 0.057211925866236905
0 0.30701047542304594 0.5233682514101531 0.09830781627719581 0.05801772763900081
1 0.3045930701047542 0.5072522159548751 0.06285253827558421 0.041901692183722805
1 0.3980660757453666 0.4983883964544722 0.0531829170024174 0.0515713134568896
0 0.33440773569701854 0.508460918614021 0.040290088638195005 0.0249798549556809
0 0.42062852538275586 0.5 0.029008863819500404 0.024174053182917002
1 0.4403706688154714 0.4927477840451249 0.020145044319097503 0.022562449637389202
0 0.22723609991941982 0.5116841257050766 0.07413376309427881 0.0346494762288477
