0 0.07326892109500806 0.5619967793880838 0.14653784219001612 0.14090177133655393
0 0.11473429951690821 0.5322061191626409 0.22946859903381642 0.13285024154589373
5 0.3788244766505636 0.5213365539452496 0.02818035426731079 0.05636070853462158
0 0.9307568438003221 0.5752818035426731 0.13687600644122383 0.1497584541062802
0 0.8603059581320451 0.5567632850241546 0.2777777777777778 0.12077294685990338
0 0.7737520128824477 0.5398550724637681 0.25120772946859904 0.0821256038647343
0 0.7306763285024155 0.5241545893719807 0.18760064412238325 0.07971014492753623
0 0.29025764895330114 0.5177133655394525 0.1360708534621578 0.04428341384863124
0 0.3192431561996779 0.5140901771336553 0.11191626409017713 0.03864734299516908
0 0.5305958132045089 0.5108695652173914 0.04508856682769726 0.033816425120772944
0 0.5088566827697263 0.5020128824476651 0.024154589371980676 0.020933977455716585
1 0.49074074074074076 0.4915458937198068 0.013687600644122383 0.01610305958132045
