0 0.4577294685990338 0.5116747181964574 0.03784219001610306 0.030595813204508857
0 0.19766505636070852 0.5805152979066023 0.35185185185185186 0.1392914653784219
0 0.16948470209339775 0.5434782608695652 0.18760064412238325 0.09420289855072464
0 0.30676328502415456 0.5197262479871175 0.10789049919484701 0.040257648953301126
0 0.3385668276972625 0.5144927536231884 0.07971014492753623 0.03784219001610306
0 0.3723832528180354 0.5108695652173914 0.07004830917874397 0.027375201288244767
0 0.39009661835748793 0.5088566827697263 0.05233494363929147 0.023349436392914653
1 0.3997584541062802 0.501610305958132 0.05555555555555555 0.026570048309178744
2 0.8035426731078905 0.499597423510467 0.2576489533011272 0.30112721417069244
0 0.5780998389694042 0.5293880837359098 0.0821256038647343 0.06280193236714976
0 0.5563607085346216 0.5213365539452496 0.05152979066022544 0.043478260869565216
0 0.5366344605475041 0.5152979066022544 0.04750402576489533 0.036231884057971016
2 0.5193236714975845 0.49033816425120774 0.05152979066022544 0.06521739130434782
0 0.06521739130434782 0.5229468599033816 0.1288244766505636 0.04508856682769726
0 0.464573268921095 0.5072463768115942 0.027375201288244767 0.0249597423510467
