0 0.4859098228663446 0.501610305958132 0.020128824476650563 0.018518518518518517
0 0.33011272141706927 0.5479066022544283 0.1320450885668277 0.09178743961352658
0 0.8256843800322061 0.57085346215781 0.3470209339774557 0.15861513687600645
0 0.676731078904992 0.5527375201288245 0.15539452495974235 0.1320450885668277
0 0.5760869565217391 0.5205314009661836 0.071658615136876 0.05314009661835749
0 0.532608695652174 0.5060386473429952 0.03140096618357488 0.027375201288244767
0 0.5567632850241546 0.5124798711755234 0.050724637681159424 0.04186795491143317
0 0.30394524959742353 0.5124798711755234 0.06682769726247988 0.024154589371980676
0 0.2181964573268921 0.5132850241545893 0.07568438003220612 0.02576489533011272
0 0.5177133655394525 0.501207729468599 0.020933977455716585 0.017713365539452495
