1 0.48188405797101447 0.5152979066022544 0.071658615136876 0.07971014492753623
1 0.9388083735909822 0.49315619967793883 0.12077294685990338 0.1529790660225443
0 0.23711755233494364 0.5305958132045089 0.12640901771336555 0.06038647342995169
0 0.13446054750402575 0.5225442834138486 0.15780998389694043 0.07971014492753623
0 0.40096618357487923 0.5068438003220612 0.05475040257648953 0.03864734299516908
0 0.7049114331723028 0.5165056360708534 0.11513687600644122 0.057971014492753624
0 0.5301932367149759 0.49597423510466987 0.033011272141706925 0.03140096618357488
1 0.5684380032206119 0.4855072463768116 0.03864734299516908 0.03784219001610306
0 0.7773752012882448 0.5112721417069244 0.1247987117552335 0.06038647342995169
0 0.8719806763285024 0.5120772946859904 0.15619967793880837 0.05233494363929147
2 0.5249597423510467 0.4806763285024155 0.037037037037037035 0.05394524959742351
0 0.0285829307568438 0.5301932367149759 0.0571658615136876 0.05152979066022544
