0 0.5096618357487923 0.5237520128824477 0.07246376811594203 0.06924315619967794
1 0.855475040257649 0.5442834138486312 0.2713365539452496 0.21175523349436393
0 0.6674718196457327 0.5205314009661836 0.14009661835748793 0.07085346215780998
0 0.5825281803542673 0.5 0.07004830917874397 0.029790660225442835
0 0.5575684380032206 0.4975845410628019 0.04589371980676329 0.021739130434782608
0 0.5483091787439613 0.49516908212560384 0.043478260869565216 0.016908212560386472
0 0.05958132045088567 0.53341384863124 0.11916264090177134 0.08373590982286634
0 0.16666666666666666 0.5181159420289855 0.11916264090177134 0.05475040257648953
0 0.25966183574879226 0.5144927536231884 0.071658615136876 0.033011272141706925
0 0.35466988727858295 0.5020128824476651 0.04106280193236715 0.020933977455716585
0 0.37399355877616747 0.49798711755233493 0.029790660225442835 0.02254428341384863
0 0.40177133655394526 0.4967793880837359 0.027375201288244767 0.015297906602254429
0 0.4359903381642512 0.49516908212560384 0.026570048309178744 0.012077294685990338
0 0.9762479871175523 0.5165056360708534 0.04589371980676329 0.037037037037037035
0 0.08655394524959742 0.5169082125603864 0.09098228663446055 0.0426731078904992
