0 0.8812399355877617 0.5503220611916264 0.2359098228663446 0.1996779388083736
1 0.4396135265700483 0.5048309178743962 0.04669887278582931 0.050724637681159424
1 0.7781803542673108 0.48993558776167473 0.21336553945249598 0.08051529790660225
0 0.2721417069243156 0.5169082125603864 0.07246376811594203 0.039452495974235106
0 0.19404186795491143 0.5100644122383253 0.09017713365539452 0.05475040257648953
0 0.37318840579710144 0.500805152979066 0.036231884057971016 0.02818035426731079
0 0.5849436392914654 0.5056360708534622 0.06521739130434782 0.036231884057971016
0 0.46819645732689213 0.49315619967793883 0.02818035426731079 0.024154589371980676
1 0.49798711755233493 0.48470209339774556 0.029790660225442835 0.03140096618357488
0 0.6308373590982287 0.501610305958132 0.06843800322061191 0.03784219001610306
1 0.9512882447665056 0.47987117552334946 0.09581320450885668 0.05877616747181964
2 0.46296296296296297 0.4806763285024155 0.028985507246376812 0.04428341384863124
0 0.05676328502415459 0.5217391304347826 0.11352657004830918 0.0426731078904992
