0 0.2177938808373591 0.5607890499194848 0.19404186795491143 0.11594202898550725
0 0.8357487922705314 0.48470209339774556 0.1819645732689211 0.06360708534621579
0 0.9247181964573269 0.48027375201288247 0.09098228663446055 0.040257648953301126
0 0.37359098228663445 0.5201288244766505 0.0644122383252818 0.04106280193236715
0 0.32648953301127215 0.5281803542673108 0.10547504025764895 0.06360708534621579
0 0.5853462157809984 0.5028180354267311 0.0499194847020934 0.033816425120772944
0 0.4005636070853462 0.5124798711755234 0.04589371980676329 0.033816425120772944
0 0.4214975845410628 0.5096618357487923 0.03140096618357488 0.0249597423510467
0 0.5185185185185185 0.5040257648953301 0.030595813204508857 0.0249597423510467
0 0.5954106280193237 0.501610305958132 0.08132045088566828 0.02818035426731079
0 0.5527375201288245 0.499194847020934 0.03784219001610306 0.020128824476650563
0 0.5233494363929146 0.4915458937198068 0.03542673107890499 0.01288244766505636
0 0.41988727858293073 0.4927536231884058 0.036231884057971016 0.010466988727858293
