0 0.1996779388083736 0.5764895330112721 0.2640901771336554 0.1473429951690821
0 0.7701288244766505 0.572463768115942 0.24879227053140096 0.15217391304347827
1 0.31843800322061194 0.5229468599033816 0.1360708534621578 0.1111111111111111
0 0.6521739130434783 0.5374396135265701 0.14170692431561996 0.0853462157809984
0 0.607487922705314 0.5165056360708534 0.06038647342995169 0.0499194847020934
1 0.177938808373591 0.499194847020934 0.214170692431562 0.07648953301127215
0 0.6239935587761675 0.5044283413848631 0.06763285024154589 0.04669887278582931
1 0.5044283413848631 0.4943639291465378 0.026570048309178744 0.02818035426731079
1 0.6900161030595813 0.4883252818035427 0.1143317230273752 0.043478260869565216
0 0.40982286634460546 0.499597423510467 0.030595813204508857 0.020933977455716585
