0 0.7596618357487923 0.5789049919484702 0.26811594202898553 0.14251207729468598
0 0.08856682769726248 0.5688405797101449 0.17713365539452497 0.12077294685990338
0 0.1280193236714976 0.5471014492753623 0.2560386473429952 0.09339774557165861
0 0.18317230273752014 0.535829307568438 0.20853462157809985 0.07407407407407407
0 0.23429951690821257 0.5233494363929146 0.16586151368760063 0.06682769726247988
0 0.5853462157809984 0.5233494363929146 0.0853462157809984 0.05555555555555555
0 0.32407407407407407 0.5189210950080515 0.12962962962962962 0.043478260869565216
0 0.5527375201288245 0.5096618357487923 0.04750402576489533 0.03140096618357488
0 0.3280998389694042 0.5124798711755234 0.10064412238325282 0.040257648953301126
0 0.3438003220611916 0.5068438003220612 0.0821256038647343 0.040257648953301126
0 0.5273752012882448 0.49879227053140096 0.02576489533011272 0.02254428341384863
