0 0.4939613526570048 0.5144927536231884 0.0426731078904992 0.03462157809983897
0 0.10587761674718196 0.5736714975845411 0.21175523349436393 0.1529790660225443
0 0.285829307568438 0.53341384863124 0.13848631239935588 0.06924315619967794
1 0.34017713365539454 0.5040257648953301 0.1473429951690821 0.09098228663446055
0 0.37278582930756843 0.5181159420289855 0.09822866344605476 0.037037037037037035
0 0.4367954911433172 0.49879227053140096 0.04589371980676329 0.02254428341384863
1 0.5314009661835749 0.4971819645732689 0.030595813204508857 0.028985507246376812
0 0.49033816425120774 0.5040257648953301 0.027375201288244767 0.0249597423510467
1 0.392512077294686 0.5076489533011272 0.09581320450885668 0.043478260869565216
0 0.05314009661835749 0.5181159420289855 0.10628019323671498 0.043478260869565216
0 0.11312399355877617 0.535426731078905 0.19082125603864733 0.07809983896940419
0 0.22826086956521738 0.5136876006441223 0.09581320450885668 0.050724637681159424
2 0.2822061191626409 0.48711755233494364 0.07326892109500806 0.04589371980676329
