1 0.09017713365539452 0.5068438003220612 0.18035426731078905 0.286634460547504
5 0.3079710144927536 0.5430756843800322 0.06038647342995169 0.10466988727858294
5 0.3687600644122383 0.5169082125603864 0.028985507246376812 0.06360708534621579
0 0.6175523349436393 0.5273752012882448 0.10466988727858294 0.07971014492753623
0 0.572463768115942 0.5128824476650563 0.06924315619967794 0.061996779388083734
0 0.5523349436392915 0.5056360708534622 0.05314009661835749 0.04911433172302738
0 0.4367954911433172 0.4943639291465378 0.020128824476650563 0.020128824476650563
0 0.39090177133655396 0.5048309178743962 0.03784219001610306 0.02818035426731079
0 0.15056360708534622 0.5672302737520128 0.249597423510467 0.12238325281803543
0 0.28019323671497587 0.533011272141707 0.11272141706924316 0.07004830917874397
