0 0.11594202898550725 0.572463768115942 0.2318840579710145 0.15539452495974235
0 0.7194041867954911 0.5543478260869565 0.21497584541062803 0.13526570048309178
0 0.26247987117552335 0.5507246376811594 0.15780998389694043 0.10547504025764895
0 0.6219806763285024 0.5277777777777778 0.11030595813204509 0.06924315619967794
1 0.571658615136876 0.4939613526570048 0.0853462157809984 0.0853462157809984
0 0.5487117552334944 0.5040257648953301 0.039452495974235106 0.03784219001610306
0 0.5414653784219001 0.5060386473429952 0.03784219001610306 0.030595813204508857
0 0.5181159420289855 0.5032206119162641 0.0249597423510467 0.020128824476650563
0 0.41626409017713367 0.5068438003220612 0.02576489533011272 0.017713365539452495
0 0.501207729468599 0.501207729468599 0.029790660225442835 0.020933977455716585
0 0.47665056360708535 0.501207729468599 0.02254428341384863 0.014492753623188406
