0 0.0889694041867955 0.5841384863123994 0.177938808373591 0.1320450885668277
0 0.3289049919484702 0.5491143317230274 0.1215780998389694 0.0861513687600644
0 0.1932367149758454 0.5579710144927537 0.1706924315619968 0.09420289855072464
5 0.7012882447665056 0.5487117552334944 0.12238325281803543 0.10144927536231885
0 0.9899355877616747 0.5233494363929146 0.018518518518518517 0.09098228663446055
5 0.7773752012882448 0.5603864734299517 0.14251207729468598 0.12640901771336555
0 0.41505636070853463 0.5201288244766505 0.04428341384863124 0.039452495974235106
0 0.44082125603864736 0.5092592592592593 0.0249597423510467 0.02254428341384863
1 0.4496779388083736 0.501207729468599 0.020128824476650563 0.024154589371980676
0 0.5527375201288245 0.5120772946859904 0.07971014492753623 0.03140096618357488
0 0.5221417069243156 0.5052334943639292 0.05394524959742351 0.02254428341384863
1 0.3856682769726248 0.5225442834138486 0.07568438003220612 0.06682769726247988
