0 0.4891304347826087 0.5072463768115942 0.04106280193236715 0.033011272141706925
0 0.07608695652173914 0.5696457326892109 0.15217391304347827 0.1610305958132045
0 0.24557165861513688 0.5281803542673108 0.13365539452495975 0.061996779388083734
0 0.392914653784219 0.5318035426731079 0.08856682769726248 0.06280193236714976
0 0.4227053140096618 0.5185185185185185 0.0644122383252818 0.04750402576489533
0 0.34822866344605474 0.5068438003220612 0.09420289855072464 0.03864734299516908
0 0.8244766505636071 0.5793075684380032 0.3494363929146538 0.14170692431561996
2 0.6368760064412239 0.48188405797101447 0.16586151368760063 0.16586151368760063
0 0.5430756843800322 0.5048309178743962 0.039452495974235106 0.03140096618357488
2 0.5189210950080515 0.48429951690821255 0.03462157809983897 0.04508856682769726
0 0.2431561996779388 0.5040257648953301 0.05636070853462158 0.0249597423510467
0 0.4774557165861514 0.5024154589371981 0.027375201288244767 0.0249597423510467
0 0.07206119162640902 0.5136876006441223 0.11674718196457327 0.04428341384863124
