0 0.499597423510467 0.5148953301127214 0.05555555555555555 0.04508856682769726
0 0.026570048309178744 0.5197262479871175 0.05314009661835749 0.07568438003220612
1 0.6952495974235104 0.5261674718196457 0.1747181964573269 0.14492753623188406
1 0.13768115942028986 0.5048309178743962 0.12560386473429952 0.06038647342995169
0 0.28180354267310787 0.5221417069243156 0.1497584541062802 0.0821256038647343
0 0.32004830917874394 0.5185185185185185 0.12962962962962962 0.05555555555555555
0 0.3526570048309179 0.5148953301127214 0.11916264090177134 0.04669887278582931
0 0.39895330112721417 0.5052334943639292 0.07326892109500806 0.03542673107890499
0 0.4307568438003221 0.49557165861513686 0.05314009661835749 0.020933977455716585
0 0.5954106280193237 0.5136876006441223 0.06360708534621579 0.04106280193236715
0 0.572061191626409 0.5056360708534622 0.04750402576489533 0.036231884057971016
0 0.4919484702093398 0.5024154589371981 0.0322061191626409 0.029790660225442835
0 0.2250402576489533 0.4971819645732689 0.071658615136876 0.028985507246376812
