0 0.533816425120773 0.5595813204508857 0.14170692431561996 0.13446054750402575
0 0.9710144927536232 0.571658615136876 0.05636070853462158 0.1570048309178744
0 0.6288244766505636 0.5088566827697263 0.09822866344605476 0.04589371980676329
0 0.5845410628019324 0.5036231884057971 0.05958132045088567 0.028985507246376812
0 0.5644122383252818 0.500805152979066 0.05314009661835749 0.021739130434782608
0 0.38405797101449274 0.5088566827697263 0.04186795491143317 0.026570048309178744
0 0.10748792270531402 0.535829307568438 0.1537842190016103 0.05958132045088567
0 0.4577294685990338 0.49798711755233493 0.023349436392914653 0.014492753623188406
0 0.49114331723027377 0.49476650563607083 0.017713365539452495 0.01288244766505636
0 0.31280193236714976 0.5100644122383253 0.05877616747181964 0.028985507246376812
0 0.34299516908212563 0.5044283413848631 0.040257648953301126 0.028985507246376812
0 0.3856682769726248 0.5020128824476651 0.03542673107890499 0.01932367149758454
0 0.42995169082125606 0.499194847020934 0.0322061191626409 0.013687600644122383
0 0.21940418679549115 0.5088566827697263 0.061996779388083734 0.029790660225442835
0 0.20974235104669886 0.5048309178743962 0.06682769726247988 0.021739130434782608
