0 0.08816425120772947 0.5519323671497585 0.17632850241545894 0.1288244766505636
0 0.09863123993558776 0.5309983896940419 0.19082125603864733 0.10144927536231885
0 0.213768115942029 0.5277777777777778 0.24074074074074073 0.07729468599033816
1 0.23832528180354268 0.49516908212560384 0.25442834138486314 0.11996779388083736
0 0.6457326892109501 0.5450885668276972 0.143317230273752 0.09259259259259259
0 0.7258454106280193 0.5209339774557166 0.1392914653784219 0.05555555555555555
0 0.32407407407407407 0.5096618357487923 0.11835748792270531 0.0426731078904992
0 0.5185185185185185 0.49879227053140096 0.01932367149758454 0.014492753623188406
0 0.4174718196457327 0.4967793880837359 0.05394524959742351 0.020128824476650563
0 0.5768921095008052 0.501207729468599 0.06038647342995169 0.02254428341384863
0 0.6163446054750402 0.5044283413848631 0.0748792270531401 0.030595813204508857
