1 0.11272141706924316 0.499597423510467 0.22544283413848631 0.30112721417069244
0 0.4384057971014493 0.5032206119162641 0.016908212560386472 0.015297906602254429
0 0.2177938808373591 0.5036231884057971 0.0426731078904992 0.02254428341384863
0 0.24798711755233493 0.5044283413848631 0.037037037037037035 0.017713365539452495
0 0.8140096618357487 0.5169082125603864 0.07085346215780998 0.0249597423510467
0 0.2773752012882448 0.5032206119162641 0.029790660225442835 0.016908212560386472
0 0.4500805152979066 0.500402576489533 0.01610305958132045 0.01288244766505636
0 0.47383252818035426 0.5144927536231884 0.0426731078904992 0.0426731078904992
0 0.17431561996779388 0.5080515297906603 0.05394524959742351 0.023349436392914653
5 0.7045088566827697 0.5128824476650563 0.01932367149758454 0.033011272141706925
0 0.8772141706924316 0.5173107890499195 0.05877616747181964 0.024154589371980676
