0 0.535829307568438 0.5571658615136876 0.1457326892109501 0.13768115942028986
0 0.9259259259259259 0.5668276972624798 0.14653784219001612 0.16666666666666666
0 0.6219806763285024 0.5060386473429952 0.09581320450885668 0.043478260869565216
0 0.5805152979066023 0.500805152979066 0.057971014492753624 0.02818035426731079
0 0.5632045088566827 0.49879227053140096 0.05233494363929147 0.020933977455716585
0 0.4677938808373591 0.49557165861513686 0.01932367149758454 0.01288244766505636
0 0.1280193236714976 0.5318035426731079 0.14170692431561996 0.05636070853462158
0 0.3168276972624799 0.5076489533011272 0.0571658615136876 0.027375201288244767
0 0.34581320450885666 0.501610305958132 0.039452495974235106 0.02818035426731079
0 0.3864734299516908 0.49879227053140096 0.033816425120772944 0.01932367149758454
0 0.42954911433172305 0.4967793880837359 0.03140096618357488 0.013687600644122383
0 0.22544283413848631 0.5056360708534622 0.061191626409017714 0.02818035426731079
0 0.21658615136876005 0.5028180354267311 0.0644122383252818 0.020933977455716585
