0 0.4943639291465378 0.5072463768115942 0.037037037037037035 0.03462157809983897
0 0.9758454106280193 0.5599838969404187 0.04669887278582931 0.18035426731078905
0 0.8490338164251208 0.5656199677938808 0.23268921095008052 0.15458937198067632
0 0.7351046698872786 0.5374396135265701 0.18840579710144928 0.09178743961352658
0 0.392512077294686 0.5036231884057971 0.03140096618357488 0.01932367149758454
0 0.17028985507246377 0.5466988727858293 0.16505636070853463 0.08293075684380032
0 0.6095008051529791 0.5076489533011272 0.10305958132045089 0.043478260869565216
0 0.572866344605475 0.5036231884057971 0.07648953301127215 0.030595813204508857
1 0.5458937198067633 0.4963768115942029 0.057971014492753624 0.027375201288244767
0 0.35668276972624796 0.499597423510467 0.033816425120772944 0.020933977455716585
0 0.3719806763285024 0.49798711755233493 0.027375201288244767 0.017713365539452495
0 0.40982286634460546 0.4963768115942029 0.01932367149758454 0.011272141706924315
0 0.3333333333333333 0.49838969404186795 0.020933977455716585 0.015297906602254429
