0 0.928341384863124 0.5193236714975845 0.14170692431561996 0.0893719806763285
0 0.8458132045088567 0.5104669887278583 0.1457326892109501 0.06843800322061191
0 0.96658615136876 0.5785024154589372 0.06521739130434782 0.143317230273752
0 0.7971014492753623 0.572463768115942 0.3107890499194847 0.15539452495974235
0 0.14009661835748793 0.5736714975845411 0.28019323671497587 0.1529790660225443
1 0.28180354267310787 0.5293880837359098 0.18679549114331723 0.13365539452495975
0 0.784621578099839 0.5052334943639292 0.11835748792270531 0.05475040257648953
0 0.7073268921095008 0.49838969404186795 0.1247987117552335 0.05233494363929147
1 0.7016908212560387 0.49355877616747185 0.14895330112721417 0.050724637681159424
0 0.3607085346215781 0.5205314009661836 0.09500805152979067 0.06924315619967794
0 0.39492753623188404 0.5120772946859904 0.06360708534621579 0.04750402576489533
2 0.5140901771336553 0.48148148148148145 0.0748792270531401 0.06843800322061191
