0 0.4919484702093398 0.5132850241545893 0.04508856682769726 0.037037037037037035
0 0.17713365539452497 0.5575684380032206 0.20933977455716588 0.11755233494363929
0 0.2753623188405797 0.5305958132045089 0.16747181964573268 0.10064412238325282
0 0.34903381642512077 0.5225442834138486 0.11513687600644122 0.04911433172302738
0 0.3603059581320451 0.5169082125603864 0.10064412238325282 0.0426731078904992
0 0.39090177133655396 0.5108695652173914 0.06843800322061191 0.028985507246376812
0 0.4114331723027375 0.5080515297906603 0.05958132045088567 0.0249597423510467
1 0.6360708534621579 0.5161030595813204 0.13848631239935588 0.11030595813204509
0 0.5913848631239935 0.5201288244766505 0.06682769726247988 0.04428341384863124
0 0.5438808373590982 0.5084541062801933 0.02818035426731079 0.02254428341384863
1 0.5249597423510467 0.4939613526570048 0.024154589371980676 0.024154589371980676
0 0.4895330112721417 0.5060386473429952 0.028985507246376812 0.02576489533011272
0 0.026972624798711754 0.5495169082125604 0.05394524959742351 0.09017713365539452
0 0.057971014492753624 0.5229468599033816 0.11594202898550725 0.05314009661835749
1 0.22181964573268922 0.5048309178743962 0.11030595813204509 0.071658615136876
0 0.1497584541062802 0.5116747181964574 0.08695652173913043 0.04186795491143317
