0 0.11231884057971014 0.5805152979066023 0.2246376811594203 0.1280193236714976
0 0.23752012882447665 0.5450885668276972 0.12721417069243157 0.07326892109500806
0 0.31199677938808373 0.5289855072463768 0.08293075684380032 0.04911433172302738
0 0.8301127214170693 0.49516908212560384 0.18357487922705315 0.06521739130434782
0 0.7769726247987118 0.4919484702093398 0.11594202898550725 0.05877616747181964
0 0.7371175523349437 0.4919484702093398 0.11674718196457327 0.050724637681159424
0 0.6908212560386473 0.49516908212560384 0.10628019323671498 0.04106280193236715
0 0.36513687600644124 0.5173107890499195 0.0571658615136876 0.033816425120772944
0 0.5776972624798712 0.5116747181964574 0.061996779388083734 0.043478260869565216
0 0.5591787439613527 0.5068438003220612 0.04428341384863124 0.037037037037037035
