0 0.49516908212560384 0.5068438003220612 0.03542673107890499 0.033816425120772944
0 0.8731884057971014 0.5632045088566827 0.25201288244766507 0.17391304347826086
0 0.7471819645732689 0.5462962962962963 0.20933977455716588 0.1143317230273752
0 0.6819645732689211 0.5245571658615137 0.15942028985507245 0.0853462157809984
0 0.6505636070853462 0.5189210950080515 0.11594202898550725 0.057971014492753624
0 0.6227858293075684 0.5120772946859904 0.11030595813204509 0.04428341384863124
0 0.42592592592592593 0.499194847020934 0.01932367149758454 0.012077294685990338
0 0.37318840579710144 0.5100644122383253 0.04106280193236715 0.027375201288244767
0 0.5764895330112721 0.5024154589371981 0.07407407407407407 0.029790660225442835
0 0.5551529790660226 0.499597423510467 0.05877616747181964 0.02254428341384863
1 0.538244766505636 0.49516908212560384 0.04750402576489533 0.021739130434782608
0 0.38003220611916266 0.499597423510467 0.02576489533011272 0.017713365539452495
0 0.357890499194847 0.49798711755233493 0.016908212560386472 0.01288244766505636
