0 0.5128824476650563 0.5261674718196457 0.0821256038647343 0.07729468599033816
1 0.927536231884058 0.5314009661835749 0.143317230273752 0.23752012882447665
0 0.7028985507246377 0.5273752012882448 0.1706924315619968 0.08776167471819646
0 0.5897745571658615 0.499597423510467 0.0748792270531401 0.0322061191626409
0 0.5623993558776168 0.4975845410628019 0.04750402576489533 0.023349436392914653
0 0.5499194847020934 0.49516908212560384 0.04508856682769726 0.018518518518518517
0 0.025362318840579712 0.534219001610306 0.050724637681159424 0.08373590982286634
0 0.12318840579710146 0.5233494363929146 0.14492753623188406 0.06360708534621579
0 0.2363123993558776 0.5157004830917874 0.08293075684380032 0.037037037037037035
0 0.3462157809983897 0.501207729468599 0.043478260869565216 0.02254428341384863
0 0.3667471819645733 0.4975845410628019 0.03140096618357488 0.023349436392914653
0 0.39855072463768115 0.49597423510466987 0.028985507246376812 0.016908212560386472
0 0.43397745571658614 0.4939613526570048 0.027375201288244767 0.01288244766505636
0 0.27375201288244766 0.500805152979066 0.04669887278582931 0.023349436392914653
0 0.043478260869565216 0.5189210950080515 0.08695652173913043 0.0499194847020934
