0 0.4855072463768116 0.5136876006441223 0.04669887278582931 0.03784219001610306
0 0.08977455716586151 0.5692431561996779 0.17954911433172302 0.16183574879227053
0 0.3023349436392915 0.5225442834138486 0.1247987117552335 0.05233494363929147
0 0.3389694041867955 0.5189210950080515 0.10144927536231885 0.04186795491143317
0 0.4335748792270531 0.5124798711755234 0.04589371980676329 0.030595813204508857
1 0.6175523349436393 0.5080515297906603 0.13365539452495975 0.11835748792270531
0 0.5648148148148148 0.5148953301127214 0.06038647342995169 0.04186795491143317
0 0.5169082125603864 0.501610305958132 0.020933977455716585 0.016908212560386472
0 0.17713365539452497 0.5257648953301127 0.1111111111111111 0.050724637681159424
1 0.24476650563607086 0.5072463768115942 0.10144927536231885 0.06038647342995169
0 0.48993558776167473 0.5060386473429952 0.03140096618357488 0.028985507246376812
0 0.13727858293075684 0.5124798711755234 0.07809983896940419 0.033816425120772944
5 0.06723027375201288 0.5140901771336553 0.04106280193236715 0.037037037037037035
