1 0.6570048309178744 0.5201288244766505 0.09178743961352658 0.09742351046698873
0 0.38486312399355876 0.53341384863124 0.13043478260869565 0.06602254428341385
0 0.2894524959742351 0.5229468599033816 0.1473429951690821 0.08051529790660225
0 0.5531400966183575 0.5092592592592593 0.05636070853462158 0.043478260869565216
0 0.9347826086956522 0.5301932367149759 0.1288244766505636 0.07890499194847021
0 0.6984702093397746 0.49838969404186795 0.04106280193236715 0.03462157809983897
1 0.7415458937198067 0.48752012882447665 0.0499194847020934 0.043478260869565216
0 0.9830917874396136 0.5144927536231884 0.0322061191626409 0.06682769726247988
2 0.6908212560386473 0.47946859903381644 0.04669887278582931 0.061191626409017714
0 0.14170692431561996 0.533011272141707 0.16264090177133655 0.0571658615136876
0 0.05475040257648953 0.5318035426731079 0.10950080515297907 0.04669887278582931
