0 0.49838969404186795 0.5088566827697263 0.04830917874396135 0.039452495974235106
0 0.09339774557165861 0.5764895330112721 0.18679549114331723 0.1473429951690821
0 0.19122383252818034 0.5487117552334944 0.1892109500805153 0.09500805152979067
0 0.29830917874396135 0.5165056360708534 0.10225442834138486 0.05314009661835749
0 0.4005636070853462 0.5249597423510467 0.08776167471819646 0.05394524959742351
0 0.36996779388083734 0.5052334943639292 0.06843800322061191 0.030595813204508857
1 0.8321256038647343 0.499597423510467 0.33413848631239934 0.30112721417069244
0 0.6521739130434783 0.5366344605475041 0.14170692431561996 0.09017713365539452
0 0.6006441223832528 0.5213365539452496 0.08856682769726248 0.05475040257648953
0 0.571658615136876 0.5064412238325282 0.05475040257648953 0.04428341384863124
0 0.5314009661835749 0.500402576489533 0.027375201288244767 0.020933977455716585
2 0.5297906602254429 0.48470209339774556 0.037037037037037035 0.0426731078904992
1 0.07890499194847021 0.5221417069243156 0.15780998389694043 0.12721417069243157
0 0.4927536231884058 0.500805152979066 0.030595813204508857 0.02818035426731079
0 0.20531400966183574 0.5048309178743962 0.0644122383252818 0.02818035426731079
