0 0.5293880837359098 0.5499194847020934 0.12318840579710146 0.11674718196457327
0 0.9778582930756844 0.572061191626409 0.0426731078904992 0.15619967793880837
0 0.6300322061191627 0.5100644122383253 0.09903381642512077 0.04669887278582931
0 0.5845410628019324 0.5044283413848631 0.05958132045088567 0.028985507246376812
0 0.5648148148148148 0.501610305958132 0.05394524959742351 0.021739130434782608
0 0.35909822866344604 0.5132850241545893 0.05152979066022544 0.0322061191626409
0 0.10547504025764895 0.5370370370370371 0.15619967793880837 0.06038647342995169
0 0.4492753623188406 0.499194847020934 0.024154589371980676 0.016908212560386472
0 0.48389694041867953 0.49557165861513686 0.01932367149758454 0.01288244766505636
0 0.31239935587761675 0.5108695652173914 0.05958132045088567 0.028985507246376812
0 0.3421900161030596 0.5052334943639292 0.040257648953301126 0.028985507246376812
0 0.3852657004830918 0.5024154589371981 0.03462157809983897 0.020128824476650563
0 0.42995169082125606 0.5 0.0322061191626409 0.013687600644122383
0 0.2181964573268921 0.5096618357487923 0.06280193236714976 0.029790660225442835
0 0.20893719806763286 0.5048309178743962 0.06682769726247988 0.021739130434782608
