0 0.06763285024154589 0.5632045088566827 0.13526570048309178 0.1320450885668277
0 0.12721417069243157 0.5515297906602254 0.25442834138486314 0.09903381642512077
0 0.1706924315619968 0.533816425120773 0.23993558776167473 0.07809983896940419
0 0.2580515297906602 0.5253623188405797 0.1537842190016103 0.061191626409017714
0 0.28381642512077293 0.5177133655394525 0.1473429951690821 0.06521739130434782
5 0.43156199677938806 0.5140901771336553 0.01288244766505636 0.030595813204508857
0 0.8764090177133655 0.5913848631239935 0.24557165861513688 0.11755233494363929
0 0.8876811594202898 0.5591787439613527 0.22302737520128824 0.13687600644122383
0 0.8421900161030595 0.5487117552334944 0.24798711755233493 0.0966183574879227
0 0.7552334943639292 0.538647342995169 0.17713365539452497 0.071658615136876
0 0.71658615136876 0.5285829307568438 0.12721417069243157 0.05958132045088567
0 0.6815619967793881 0.5269726247987118 0.14412238325281804 0.05475040257648953
0 0.6509661835748792 0.5225442834138486 0.12962962962962962 0.0426731078904992
0 0.6380837359098228 0.5161030595813204 0.10547504025764895 0.04589371980676329
0 0.35990338164251207 0.5152979066022544 0.09017713365539452 0.029790660225442835
0 0.37721417069243157 0.5140901771336553 0.07648953301127215 0.027375201288244767
0 0.5265700483091788 0.5120772946859904 0.0322061191626409 0.0249597423510467
0 0.5116747181964574 0.5056360708534622 0.020128824476650563 0.016908212560386472
1 0.4967793880837359 0.4971819645732689 0.01288244766505636 0.014492753623188406
