0 0.6541867954911433 0.5491143317230274 0.1473429951690821 0.09259259259259259
0 0.08293075684380032 0.5789049919484702 0.16586151368760063 0.14090177133655393
0 0.1179549114331723 0.5515297906602254 0.2359098228663446 0.10386473429951691
0 0.14653784219001612 0.5438808373590982 0.23832528180354268 0.08051529790660225
0 0.21698872785829307 0.533011272141707 0.18438003220611915 0.06843800322061191
0 0.27657004830917875 0.5205314009661836 0.13285024154589373 0.05314009661835749
0 0.5623993558776168 0.5193236714975845 0.06682769726247988 0.04589371980676329
0 0.34541062801932365 0.5157004830917874 0.10950080515297907 0.037037037037037035
0 0.5410628019323671 0.5084541062801933 0.040257648953301126 0.027375201288244767
0 0.3470209339774557 0.5112721417069244 0.0853462157809984 0.03462157809983897
0 0.35507246376811596 0.5060386473429952 0.07085346215780998 0.03542673107890499
0 0.5209339774557166 0.499597423510467 0.024154589371980676 0.020933977455716585
