0 0.5020128824476651 0.5128824476650563 0.05555555555555555 0.05233494363929147
0 0.964170692431562 0.572463768115942 0.07004830917874397 0.15539452495974235
0 0.8337359098228664 0.5450885668276972 0.21336553945249598 0.1473429951690821
1 0.6618357487922706 0.5068438003220612 0.15136876006441224 0.0853462157809984
0 0.6026570048309179 0.5056360708534622 0.09581320450885668 0.0426731078904992
0 0.5615942028985508 0.49516908212560384 0.0571658615136876 0.023349436392914653
0 0.5471014492753623 0.4939613526570048 0.039452495974235106 0.017713365539452495
0 0.18679549114331723 0.5136876006441223 0.1143317230273752 0.05233494363929147
1 0.3333333333333333 0.4927536231884058 0.08856682769726248 0.071658615136876
0 0.25966183574879226 0.5088566827697263 0.071658615136876 0.03784219001610306
0 0.30917874396135264 0.5072463768115942 0.0499194847020934 0.0249597423510467
0 0.37318840579710144 0.4971819645732689 0.033011272141706925 0.017713365539452495
0 0.38727858293075684 0.49476650563607083 0.024154589371980676 0.01932367149758454
0 0.40982286634460546 0.49355877616747185 0.024154589371980676 0.013687600644122383
0 0.19162640901771336 0.5088566827697263 0.057971014492753624 0.03140096618357488
