0 0.1356682769726248 0.5946054750402576 0.2713365539452496 0.1111111111111111
0 0.821256038647343 0.5752818035426731 0.355877616747182 0.1497584541062802
0 0.8329307568438004 0.5140901771336553 0.2246376811594203 0.06602254428341385
0 0.3671497584541063 0.5205314009661836 0.07729468599033816 0.05314009661835749
0 0.5881642512077294 0.5193236714975845 0.07004830917874397 0.05233494363929147
1 0.39090177133655396 0.5052334943639292 0.061996779388083734 0.05636070853462158
0 0.5636070853462157 0.5120772946859904 0.05958132045088567 0.04106280193236715
1 0.2777777777777778 0.49516908212560384 0.13848631239935588 0.050724637681159424
1 0.49516908212560384 0.49315619967793883 0.020933977455716585 0.02254428341384863
1 0.6380837359098228 0.48470209339774556 0.0861513687600644 0.033011272141706925
