0 0.5519323671497585 0.5076489533011272 0.036231884057971016 0.027375201288244767
1 0.3788244766505636 0.501207729468599 0.10547504025764895 0.04186795491143317
0 0.3715780998389694 0.5088566827697263 0.10386473429951691 0.033011272141706925
0 0.3321256038647343 0.5148953301127214 0.12962962962962962 0.04186795491143317
0 0.32085346215780997 0.5177133655394525 0.14251207729468598 0.04911433172302738
0 0.30193236714975846 0.5225442834138486 0.1497584541062802 0.05394524959742351
0 0.2584541062801932 0.5269726247987118 0.16908212560386474 0.06602254428341385
0 0.10869565217391304 0.5491143317230274 0.21739130434782608 0.10386473429951691
0 0.08695652173913043 0.5756843800322061 0.17391304347826086 0.1360708534621578
2 0.535829307568438 0.49557165861513686 0.036231884057971016 0.030595813204508857
