0 0.49798711755233493 0.5068438003220612 0.0426731078904992 0.033816425120772944
0 0.1574074074074074 0.5511272141706924 0.16666666666666666 0.10144927536231885
0 0.2363123993558776 0.5301932367149759 0.1537842190016103 0.08051529790660225
0 0.3188405797101449 0.5152979066022544 0.0998389694041868 0.0426731078904992
0 0.42592592592592593 0.5181159420289855 0.057971014492753624 0.04186795491143317
0 0.44363929146537845 0.5088566827697263 0.04669887278582931 0.036231884057971016
0 0.38003220611916266 0.500402576489533 0.07729468599033816 0.030595813204508857
0 0.6465378421900161 0.538647342995169 0.12721417069243157 0.08454106280193237
2 0.5974235104669887 0.4810789049919485 0.10628019323671498 0.1111111111111111
0 0.5398550724637681 0.5 0.03140096618357488 0.0249597423510467
2 0.5205314009661836 0.4830917874396135 0.03140096618357488 0.039452495974235106
0 0.4895330112721417 0.501610305958132 0.027375201288244767 0.0249597423510467
0 0.17834138486312398 0.5072463768115942 0.0748792270531401 0.033011272141706925
