0 0.46897663174858983 0.5052377115229654 0.032232070910556 0.029814665592264304
0 0.23489121676067687 0.5608380338436745 0.18291700241740533 0.11039484286865431
0 0.05922643029814666 0.5556003223207091 0.11845286059629331 0.1031426269137792
0 0.014101531023368252 0.5306204673650282 0.028203062046736505 0.05640612409347301
0 0.16156325543916197 0.5298146655922643 0.1313456889605157 0.06285253827558421
1 0.2892828364222401 0.5016116035455278 0.09347300564061241 0.072522159548751
0 0.14705882352941177 0.5193392425463336 0.10394842868654311 0.043513295729250605
0 0.3279613215149073 0.5092667203867849 0.048348106365834004 0.029814665592264304
2 0.43352135374697826 0.4871071716357776 0.0273972602739726 0.040290088638195005
0 0.24053182917002416 0.5088638195004029 0.057211925866236905 0.030620467365028204
