0 0.12439613526570048 0.5797101449275363 0.24879227053140096 0.14090177133655393
0 0.9400161030595813 0.5837359098228664 0.11835748792270531 0.13285024154589373
0 0.26006441223832527 0.5426731078904992 0.15619967793880837 0.07971014492753623
0 0.7926731078904992 0.5740740740740741 0.29066022544283415 0.15217391304347827
0 0.3977455716586151 0.5092592592592593 0.04508856682769726 0.0322061191626409
0 0.6606280193236715 0.535829307568438 0.12318840579710146 0.08051529790660225
0 0.6143317230273752 0.5209339774557166 0.07407407407407407 0.05394524959742351
0 0.5885668276972624 0.5136876006441223 0.057971014492753624 0.039452495974235106
0 0.4138486312399356 0.5060386473429952 0.040257648953301126 0.027375201288244767
0 0.5776972624798712 0.5076489533011272 0.0426731078904992 0.0322061191626409
