0 0.47101449275362317 0.5072463768115942 0.03864734299516908 0.03140096618357488
0 0.0893719806763285 0.5591787439613527 0.178743961352657 0.1143317230273752
0 0.3059581320450886 0.5692431561996779 0.18518518518518517 0.12318840579710146
0 0.3812399355877617 0.533011272141707 0.10064412238325282 0.07326892109500806
0 0.2946859903381642 0.5173107890499195 0.12077294685990338 0.05314009661835749
0 0.3522544283413849 0.5044283413848631 0.08132045088566828 0.028985507246376812
1 0.4138486312399356 0.49557165861513686 0.04669887278582931 0.02254428341384863
2 0.7439613526570048 0.49315619967793883 0.34782608695652173 0.2882447665056361
0 0.5475040257648953 0.5128824476650563 0.0499194847020934 0.039452495974235106
0 0.5257648953301127 0.5056360708534622 0.033816425120772944 0.026570048309178744
2 0.5132850241545893 0.4851046698872786 0.0426731078904992 0.05314009661835749
0 0.17914653784219 0.5076489533011272 0.07648953301127215 0.030595813204508857
0 0.46497584541062803 0.501207729468599 0.026570048309178744 0.024154589371980676
