0 0.4834943639291465 0.5092592592592593 0.04589371980676329 0.037037037037037035
0 0.12399355877616747 0.5696457326892109 0.24798711755233493 0.1497584541062802
0 0.2971014492753623 0.5237520128824477 0.12721417069243157 0.05958132045088567
0 0.35950080515297905 0.5108695652173914 0.09903381642512077 0.043478260869565216
0 0.4138486312399356 0.500402576489533 0.0644122383252818 0.027375201288244767
0 0.8337359098228664 0.5752818035426731 0.3309178743961353 0.1497584541062802
0 0.5752818035426731 0.5076489533011272 0.05394524959742351 0.037037037037037035
1 0.534219001610306 0.4919484702093398 0.033011272141706925 0.033011272141706925
0 0.24154589371980675 0.5104669887278583 0.0821256038647343 0.039452495974235106
0 0.4919484702093398 0.5020128824476651 0.030595813204508857 0.027375201288244767
0 0.014895330112721417 0.5173107890499195 0.029790660225442835 0.04508856682769726
0 0.16143317230273752 0.5060386473429952 0.08454106280193237 0.0322061191626409
