1 0.394524959742351 0.5100644122383253 0.06280193236714976 0.06924315619967794
1 0.8502415458937198 0.4883252818035427 0.2898550724637681 0.11272141706924316
0 0.16988727858293076 0.5265700483091788 0.11594202898550725 0.05555555555555555
0 0.06723027375201288 0.5233494363929146 0.13446054750402575 0.0748792270531401
0 0.321256038647343 0.5060386473429952 0.0499194847020934 0.03542673107890499
0 0.5841384863123994 0.5088566827697263 0.08776167471819646 0.04750402576489533
0 0.44122383252818037 0.4943639291465378 0.030595813204508857 0.02818035426731079
1 0.4754428341384863 0.48429951690821255 0.033011272141706925 0.03542673107890499
0 0.644122383252818 0.5056360708534622 0.09017713365539452 0.04911433172302738
0 0.7125603864734299 0.5056360708534622 0.10466988727858294 0.04106280193236715
1 0.9794685990338164 0.47987117552334946 0.039452495974235106 0.061996779388083734
2 0.43478260869565216 0.48148148148148145 0.03542673107890499 0.050724637681159424
