0 0.8679549114331723 0.5756843800322061 0.26247987117552335 0.14895330112721417
0 0.7218196457326892 0.5471014492753623 0.16988727858293076 0.09822866344605476
0 0.3071658615136876 0.5426731078904992 0.1473429951690821 0.09420289855072464
0 0.3780193236714976 0.5277777777777778 0.07971014492753623 0.057971014492753624
0 0.6316425120772947 0.5237520128824477 0.08776167471819646 0.057971014492753624
0 0.4170692431561997 0.5140901771336553 0.05475040257648953 0.04508856682769726
0 0.46497584541062803 0.5084541062801933 0.04750402576489533 0.0322061191626409
0 0.5982286634460547 0.5124798711755234 0.043478260869565216 0.040257648953301126
0 0.5462962962962963 0.5040257648953301 0.04428341384863124 0.023349436392914653
2 0.6545893719806763 0.48188405797101447 0.03864734299516908 0.030595813204508857
