0 0.49315619967793883 0.5140901771336553 0.04428341384863124 0.037037037037037035
0 0.12117552334943639 0.5603864734299517 0.24235104669887278 0.17954911433172302
0 0.22302737520128824 0.5410628019323671 0.17713365539452497 0.12962962962962962
0 0.32326892109500804 0.5237520128824477 0.11513687600644122 0.05475040257648953
0 0.3603059581320451 0.5128824476650563 0.10386473429951691 0.05555555555555555
0 0.39009661835748793 0.5124798711755234 0.08293075684380032 0.0322061191626409
1 0.5789049919484702 0.5036231884057971 0.07568438003220612 0.06602254428341385
0 0.48711755233494364 0.5048309178743962 0.027375201288244767 0.0249597423510467
2 0.020128824476650563 0.4943639291465378 0.040257648953301126 0.10869565217391304
1 0.3007246376811594 0.501207729468599 0.06521739130434782 0.04830917874396135
