0 0.4963768115942029 0.5072463768115942 0.03462157809983897 0.033011272141706925
0 0.06843800322061191 0.538244766505636 0.13687600644122383 0.08051529790660225
0 0.7669082125603864 0.5410628019323671 0.1859903381642512 0.11513687600644122
0 0.7053140096618358 0.5265700483091788 0.15780998389694043 0.07809983896940419
0 0.6380837359098228 0.5201288244766505 0.12318840579710146 0.0571658615136876
0 0.6095008051529791 0.5120772946859904 0.10305958132045089 0.05233494363929147
0 0.5994363929146538 0.5092592592592593 0.09420289855072464 0.040257648953301126
0 0.5841384863123994 0.5060386473429952 0.08293075684380032 0.037037037037037035
0 0.4307568438003221 0.500402576489533 0.017713365539452495 0.01288244766505636
0 0.5394524959742351 0.4975845410628019 0.043478260869565216 0.016908212560386472
1 0.5309983896940419 0.49476650563607083 0.03784219001610306 0.017713365539452495
0 0.40418679549114334 0.49798711755233493 0.01932367149758454 0.014492753623188406
