0 0.9553140096618358 0.5797101449275363 0.08776167471819646 0.14090177133655393
0 0.785426731078905 0.57085346215781 0.29871175523349436 0.15861513687600645
0 0.1324476650563607 0.5801127214170693 0.2648953301127214 0.14009661835748793
0 0.28180354267310787 0.5402576489533011 0.13365539452495975 0.09259259259259259
0 0.6082930756843801 0.5261674718196457 0.09259259259259259 0.06763285024154589
0 0.3534621578099839 0.5249597423510467 0.07890499194847021 0.06038647342995169
0 0.5772946859903382 0.5136876006441223 0.06763285024154589 0.04428341384863124
1 0.5527375201288245 0.49516908212560384 0.061996779388083734 0.06360708534621579
0 0.5140901771336553 0.5020128824476651 0.021739130434782608 0.017713365539452495
0 0.42673107890499196 0.5048309178743962 0.02254428341384863 0.015297906602254429
0 0.500402576489533 0.500402576489533 0.026570048309178744 0.017713365539452495
0 0.4786634460547504 0.501207729468599 0.020128824476650563 0.01288244766505636
