5 0.25523349436392917 0.5603864734299517 0.0853462157809984 0.1360708534621578
5 0.3498389694041868 0.5221417069243156 0.036231884057971016 0.07407407407407407
0 0.6376811594202898 0.532608695652174 0.12399355877616747 0.09178743961352658
0 0.5817230273752013 0.5136876006441223 0.07809983896940419 0.06843800322061191
0 0.5587761674718197 0.5064412238325282 0.057971014492753624 0.05394524959742351
0 0.5450885668276972 0.5036231884057971 0.040257648953301126 0.037037037037037035
0 0.4367954911433172 0.4939613526570048 0.020128824476650563 0.020933977455716585
0 0.38768115942028986 0.5056360708534622 0.039452495974235106 0.029790660225442835
0 0.12278582930756844 0.5797101449275363 0.24557165861513688 0.14090177133655393
0 0.25684380032206117 0.539049919484702 0.13365539452495975 0.07890499194847021
0 0.35628019323671495 0.5112721417069244 0.06038647342995169 0.04428341384863124
