0 0.48470209339774556 0.5100644122383253 0.04508856682769726 0.037037037037037035
0 0.14210950080515297 0.5764895330112721 0.2471819645732689 0.1473429951690821
0 0.2250402576489533 0.5422705314009661 0.19243156199677938 0.0966183574879227
0 0.32930756843800324 0.5181159420289855 0.10789049919484701 0.04830917874396135
0 0.3752012882447665 0.5100644122383253 0.08695652173913043 0.03864734299516908
0 0.4243156199677939 0.5 0.05958132045088567 0.0249597423510467
1 0.8510466988727858 0.499597423510467 0.2962962962962963 0.30112721417069244
0 0.7198067632850241 0.5531400966183575 0.18840579710144928 0.107085346215781
0 0.5644122383252818 0.5108695652173914 0.04508856682769726 0.0322061191626409
1 0.5309983896940419 0.49355877616747185 0.029790660225442835 0.03140096618357488
0 0.27334943639291465 0.5100644122383253 0.06682769726247988 0.033816425120772944
0 0.49074074074074076 0.5036231884057971 0.029790660225442835 0.027375201288244767
1 0.026167471819645734 0.5157004830917874 0.05233494363929147 0.1320450885668277
0 0.050724637681159424 0.5148953301127214 0.10144927536231885 0.04186795491143317
0 0.1964573268921095 0.5052334943639292 0.07085346215780998 0.027375201288244767
