0 0.15982286634460546 0.5837359098228664 0.3196457326892109 0.13285024154589373
0 0.32085346215780997 0.5579710144927537 0.16988727858293076 0.10869565217391304
0 0.7105475040257649 0.5515297906602254 0.15539452495974235 0.12318840579710146
0 0.4082125603864734 0.5169082125603864 0.06280193236714976 0.05394524959742351
0 0.4243156199677939 0.5132850241545893 0.0644122383252818 0.03864734299516908
0 0.5366344605475041 0.49033816425120774 0.05394524959742351 0.018518518518518517
0 0.6851851851851852 0.5285829307568438 0.09822866344605476 0.07407407407407407
0 0.7270531400966184 0.5112721417069244 0.09500805152979067 0.05877616747181964
0 0.6529790660225443 0.499194847020934 0.10144927536231885 0.03784219001610306
0 0.9239130434782609 0.501610305958132 0.107085346215781 0.04428341384863124
0 0.8409822866344605 0.4943639291465378 0.08454106280193237 0.02818035426731079
