5 0.30998389694041867 0.5454911433172303 0.057971014492753624 0.0966183574879227
0 0.8776167471819646 0.5756843800322061 0.2431561996779388 0.14895330112721417
0 0.855877616747182 0.5402576489533011 0.286634460547504 0.1280193236714976
0 0.23470209339774556 0.5241545893719807 0.18115942028985507 0.0571658615136876
0 0.28140096618357485 0.5205314009661836 0.14251207729468598 0.04830917874396135
0 0.3148148148148148 0.5124798711755234 0.08856682769726248 0.03864734299516908
0 0.5410628019323671 0.5136876006441223 0.05636070853462158 0.04106280193236715
0 0.3647342995169082 0.5052334943639292 0.07085346215780998 0.027375201288244767
0 0.5132850241545893 0.500805152979066 0.02818035426731079 0.023349436392914653
1 0.49074074074074076 0.4887278582930757 0.013687600644122383 0.016908212560386472
