0 0.5120772946859904 0.5233494363929146 0.057971014492753624 0.05555555555555555
0 0.6739130434782609 0.5229468599033816 0.13365539452495975 0.06763285024154589
0 0.5998389694041868 0.5120772946859904 0.07246376811594203 0.036231884057971016
0 0.572061191626409 0.5088566827697263 0.06360708534621579 0.026570048309178744
0 0.29790660225442833 0.5261674718196457 0.08695652173913043 0.0499194847020934
0 0.4114331723027375 0.5096618357487923 0.03542673107890499 0.026570048309178744
0 0.4528985507246377 0.5044283413848631 0.0249597423510467 0.017713365539452495
0 0.26247987117552335 0.5217391304347826 0.08051529790660225 0.03784219001610306
0 0.30636070853462155 0.5128824476650563 0.05233494363929147 0.03462157809983897
0 0.3611111111111111 0.5088566827697263 0.039452495974235106 0.023349436392914653
0 0.41586151368760066 0.5060386473429952 0.036231884057971016 0.01610305958132045
0 0.14210950080515297 0.5189210950080515 0.0861513687600644 0.03864734299516908
0 0.143317230273752 0.5116747181964574 0.0853462157809984 0.027375201288244767
