0 0.714975845410628 0.5104669887278583 0.21256038647342995 0.0748792270531401
0 0.9323671497584541 0.48429951690821255 0.10789049919484701 0.0322061191626409
0 0.9013687600644122 0.4855072463768116 0.10225442834138486 0.029790660225442835
0 0.8743961352657005 0.48429951690821255 0.10144927536231885 0.028985507246376812
0 0.3603059581320451 0.5148953301127214 0.05555555555555555 0.04186795491143317
0 0.4303542673107891 0.5092592592592593 0.04428341384863124 0.033816425120772944
0 0.6638486312399355 0.4895330112721417 0.09259259259259259 0.03462157809983897
0 0.750402576489533 0.4851046698872786 0.04508856682769726 0.02576489533011272
1 0.8365539452495975 0.47987117552334946 0.05314009661835749 0.029790660225442835
0 0.7814009661835749 0.48470209339774556 0.050724637681159424 0.023349436392914653
0 0.3828502415458937 0.5108695652173914 0.04750402576489533 0.0322061191626409
0 0.532608695652174 0.5 0.03140096618357488 0.021739130434782608
0 0.4895330112721417 0.501207729468599 0.02254428341384863 0.017713365539452495
