0 0.7322866344605475 0.5595813204508857 0.26006441223832527 0.17954911433172302
0 0.04790660225442834 0.5760869565217391 0.09581320450885668 0.14814814814814814
0 0.09259259259259259 0.5696457326892109 0.18518518518518517 0.13365539452495975
0 0.11996779388083736 0.5402576489533011 0.23993558776167473 0.09581320450885668
0 0.23309178743961353 0.5161030595813204 0.21175523349436393 0.08454106280193237
0 0.19122383252818034 0.5293880837359098 0.1956521739130435 0.0853462157809984
0 0.6252012882447665 0.5281803542673108 0.11191626409017713 0.07326892109500806
0 0.26006441223832527 0.5124798711755234 0.14492753623188406 0.06924315619967794
0 0.2999194847020934 0.5181159420289855 0.1247987117552335 0.05152979066022544
0 0.30958132045088566 0.5104669887278583 0.13123993558776167 0.04911433172302738
0 0.3603059581320451 0.5 0.0893719806763285 0.033011272141706925
0 0.3812399355877617 0.4963768115942029 0.071658615136876 0.033816425120772944
0 0.5430756843800322 0.5028180354267311 0.03784219001610306 0.028985507246376812
0 0.5845410628019324 0.5157004830917874 0.07085346215780998 0.05314009661835749
0 0.5281803542673108 0.49476650563607083 0.027375201288244767 0.024154589371980676
