1 0.06280193236714976 0.5559581320450886 0.12560386473429952 0.18840579710144928
0 0.8917069243156199 0.5563607085346216 0.21497584541062803 0.11191626409017713
0 0.5692431561996779 0.5229468599033816 0.06280193236714976 0.043478260869565216
0 0.11553945249597423 0.5527375201288245 0.23107890499194847 0.0966183574879227
0 0.1678743961352657 0.5410628019323671 0.21014492753623187 0.07648953301127215
0 0.27334943639291465 0.5281803542673108 0.15539452495974235 0.05233494363929147
0 0.3103864734299517 0.5233494363929146 0.11352657004830918 0.04106280193236715
0 0.535024154589372 0.5132850241545893 0.0426731078904992 0.028985507246376812
0 0.3864734299516908 0.5132850241545893 0.07407407407407407 0.02576489533011272
0 0.3884863123993559 0.5052334943639292 0.050724637681159424 0.02576489533011272
