0 0.5318035426731079 0.5511272141706924 0.13446054750402575 0.12721417069243157
0 0.9017713365539453 0.5672302737520128 0.19484702093397746 0.16586151368760063
0 0.6187600644122383 0.5056360708534622 0.09420289855072464 0.0426731078904992
0 0.5793075684380032 0.500805152979066 0.0571658615136876 0.02818035426731079
0 0.5615942028985508 0.49798711755233493 0.05233494363929147 0.020933977455716585
0 0.01892109500805153 0.5406602254428341 0.03784219001610306 0.0821256038647343
0 0.4778582930756844 0.49355877616747185 0.018518518518518517 0.012077294685990338
0 0.1388888888888889 0.5305958132045089 0.13446054750402575 0.05394524959742351
0 0.32004830917874394 0.5076489533011272 0.05555555555555555 0.027375201288244767
0 0.34782608695652173 0.501610305958132 0.03864734299516908 0.02818035426731079
0 0.38808373590982287 0.49879227053140096 0.033816425120772944 0.01932367149758454
0 0.42995169082125606 0.4967793880837359 0.030595813204508857 0.013687600644122383
0 0.23027375201288244 0.5056360708534622 0.05958132045088567 0.02818035426731079
0 0.22061191626409019 0.5020128824476651 0.06280193236714976 0.020933977455716585
