0 0.6099033816425121 0.5322061191626409 0.10064412238325282 0.06521739130434782
0 0.13365539452495975 0.5479066022544283 0.2673107890499195 0.09017713365539452
0 0.1996779388083736 0.5370370370370371 0.1964573268921095 0.0748792270531401
0 0.22946859903381642 0.5309983896940419 0.1723027375201288 0.05958132045088567
0 0.2721417069243156 0.5257648953301127 0.14170692431561996 0.05394524959742351
0 0.5495169082125604 0.5152979066022544 0.05555555555555555 0.03784219001610306
0 0.36272141706924316 0.5132850241545893 0.09420289855072464 0.0322061191626409
0 0.53341384863124 0.5076489533011272 0.03462157809983897 0.024154589371980676
0 0.3679549114331723 0.5048309178743962 0.06280193236714976 0.03140096618357488
0 0.5161030595813204 0.499597423510467 0.020933977455716585 0.01932367149758454
