0 0.467365028203062 0.5056406124093473 0.032232070910556 0.029008863819500404
0 0.10193392425463337 0.5753424657534246 0.20386784850926673 0.1506849315068493
0 0.2618855761482675 0.5519742143432715 0.15471394037066882 0.0958904109589041
0 0.08138597904915391 0.5523771152296535 0.16277195809830783 0.0999194198227236
0 0.033037872683319904 0.5294117647058824 0.06607574536663981 0.057211925866236905
0 0.19137792103142626 0.5253827558420628 0.11200644641418211 0.055600322320709106
1 0.2997582594681708 0.5012087026591459 0.0854149879129734 0.06688154713940371
0 0.16841257050765512 0.5177276390008058 0.09347300564061241 0.040290088638195005
0 0.3340048348106366 0.508460918614021 0.0443190975020145 0.028203062046736505
2 0.4331184528605963 0.4871071716357776 0.0265914585012087 0.038678485092667206
0 0.2510072522159549 0.508058017727639 0.053988718775181306 0.029008863819500404
