0 0.9315619967793881 0.5845410628019324 0.13526570048309178 0.13123993558776167
0 0.7862318840579711 0.572866344605475 0.2536231884057971 0.15458937198067632
1 0.016505636070853463 0.5128824476650563 0.033011272141706925 0.1537842190016103
0 0.033011272141706925 0.5241545893719807 0.06602254428341385 0.050724637681159424
0 0.7061191626409018 0.5201288244766505 0.10789049919484701 0.09903381642512077
1 0.4822866344605475 0.49798711755233493 0.037037037037037035 0.03864734299516908
1 0.7435587761674718 0.4855072463768116 0.16344605475040258 0.061996779388083734
0 0.3526570048309179 0.5056360708534622 0.04830917874396135 0.029790660225442835
0 0.2942834138486312 0.500402576489533 0.05877616747181964 0.040257648953301126
0 0.4247181964573269 0.49557165861513686 0.02818035426731079 0.02254428341384863
0 0.5970209339774557 0.4971819645732689 0.050724637681159424 0.028985507246376812
1 0.5297906602254429 0.48188405797101447 0.02576489533011272 0.027375201288244767
0 0.6348631239935588 0.4971819645732689 0.05233494363929147 0.030595813204508857
2 0.4971819645732689 0.4778582930756844 0.0249597423510467 0.03864734299516908
0 0.19202898550724637 0.5068438003220612 0.07326892109500806 0.030595813204508857
0 0.10950080515297907 0.5084541062801933 0.06602254428341385 0.027375201288244767
