0 0.9086151368760065 0.570450885668277 0.18115942028985507 0.15942028985507245
0 0.14251207729468598 0.570450885668277 0.2785829307568438 0.15942028985507245
0 0.6723027375201288 0.5442834138486312 0.15942028985507245 0.10547504025764895
0 0.29871175523349436 0.5434782608695652 0.12399355877616747 0.08776167471819646
0 0.604669887278583 0.5265700483091788 0.09339774557165861 0.06038647342995169
1 0.5644122383252818 0.49879227053140096 0.07568438003220612 0.07729468599033816
0 0.5450885668276972 0.5084541062801933 0.037037037037037035 0.03542673107890499
0 0.5398550724637681 0.5084541062801933 0.036231884057971016 0.028985507246376812
0 0.5169082125603864 0.5080515297906603 0.024154589371980676 0.020128824476650563
0 0.4194847020933977 0.5108695652173914 0.024154589371980676 0.017713365539452495
0 0.500805152979066 0.5060386473429952 0.028985507246376812 0.01932367149758454
0 0.4786634460547504 0.5064412238325282 0.021739130434782608 0.013687600644122383
