0 0.17834138486312398 0.571658615136876 0.24235104669887278 0.13768115942028986
0 0.8675523349436393 0.48429951690821255 0.20048309178743962 0.06924315619967794
0 0.9508856682769726 0.4778582930756844 0.0966183574879227 0.043478260869565216
0 0.37037037037037035 0.5193236714975845 0.06924315619967794 0.04428341384863124
0 0.31561996779388085 0.5305958132045089 0.11755233494363929 0.07004830917874397
0 0.5942028985507246 0.5028180354267311 0.05314009661835749 0.03542673107890499
0 0.40096618357487923 0.5116747181964574 0.04830917874396135 0.03542673107890499
0 0.42310789049919484 0.5092592592592593 0.033011272141706925 0.02576489533011272
0 0.5233494363929146 0.5028180354267311 0.0322061191626409 0.02576489533011272
0 0.6042673107890499 0.5020128824476651 0.08454106280193237 0.028985507246376812
0 0.5571658615136876 0.499597423510467 0.03864734299516908 0.020933977455716585
0 0.5366344605475041 0.48993558776167473 0.036231884057971016 0.01288244766505636
0 0.45128824476650564 0.49074074074074076 0.036231884057971016 0.011272141706924315
