0 0.14935587761674718 0.5793075684380032 0.29871175523349436 0.14170692431561996
0 0.6992753623188406 0.5402576489533011 0.13768115942028986 0.0893719806763285
0 0.6392914653784219 0.5241545893719807 0.08373590982286634 0.0571658615136876
0 0.3828502415458937 0.5233494363929146 0.08454106280193237 0.0571658615136876
0 0.4170692431561997 0.5157004830917874 0.05475040257648953 0.040257648953301126
0 0.6022544283413849 0.5136876006441223 0.057971014492753624 0.04106280193236715
0 0.44122383252818037 0.5096618357487923 0.04186795491143317 0.036231884057971016
0 0.4774557165861514 0.5048309178743962 0.040257648953301126 0.026570048309178744
0 0.5877616747181964 0.5084541062801933 0.03542673107890499 0.0322061191626409
0 0.5487117552334944 0.500402576489533 0.04106280193236715 0.01932367149758454
