0 0.7222222222222222 0.5591787439613527 0.22383252818035426 0.13687600644122383
0 0.22584541062801933 0.5434782608695652 0.15056360708534622 0.0861513687600644
0 0.9066022544283414 0.5040257648953301 0.18518518518518517 0.09742351046698873
0 0.35507246376811596 0.5165056360708534 0.061191626409017714 0.040257648953301126
0 0.38164251207729466 0.5112721417069244 0.04508856682769726 0.029790660225442835
0 0.3977455716586151 0.5084541062801933 0.03542673107890499 0.02576489533011272
0 0.8731884057971014 0.4822866344605475 0.09098228663446055 0.026570048309178744
0 0.8446054750402576 0.48148148148148145 0.0853462157809984 0.026570048309178744
0 0.8313204508856683 0.4822866344605475 0.0861513687600644 0.023349436392914653
0 0.8164251207729468 0.47987117552334946 0.07890499194847021 0.021739130434782608
