0 0.18317230273752014 0.5744766505636071 0.3663446054750403 0.15136876006441224
0 0.9706119162640902 0.5901771336553945 0.0571658615136876 0.11996779388083736
0 0.8365539452495975 0.571256038647343 0.3252818035426731 0.15780998389694043
0 0.9899355877616747 0.49315619967793883 0.018518518518518517 0.07407407407407407
1 0.9339774557165862 0.5040257648953301 0.13043478260869565 0.09742351046698873
1 0.855877616747182 0.49838969404186795 0.2028985507246377 0.09259259259259259
0 0.3413848631239936 0.5289855072463768 0.10144927536231885 0.07004830917874397
0 0.38727858293075684 0.5173107890499195 0.07729468599033816 0.0499194847020934
0 0.7789855072463768 0.49879227053140096 0.08454106280193237 0.04508856682769726
0 0.716183574879227 0.5 0.07809983896940419 0.03784219001610306
0 0.6851851851851852 0.4975845410628019 0.06602254428341385 0.03462157809983897
0 0.6723027375201288 0.499194847020934 0.06763285024154589 0.03140096618357488
0 0.5700483091787439 0.5092592592592593 0.0499194847020934 0.03864734299516908
0 0.4355877616747182 0.5044283413848631 0.04508856682769726 0.0322061191626409
1 0.4492753623188406 0.49879227053140096 0.03864734299516908 0.033816425120772944
0 0.6103059581320451 0.4915458937198068 0.05152979066022544 0.02254428341384863
2 0.5229468599033816 0.48389694041867953 0.03784219001610306 0.039452495974235106
