0 0.4887278582930757 0.5124798711755234 0.04508856682769726 0.037037037037037035
0 0.07930756843800323 0.572866344605475 0.15861513687600645 0.15458937198067632
0 0.1960547504025765 0.5487117552334944 0.2214170692431562 0.1497584541062802
0 0.31843800322061194 0.5257648953301127 0.1360708534621578 0.06038647342995169
0 0.33776167471819646 0.5161030595813204 0.11674718196457327 0.050724637681159424
0 0.37681159420289856 0.5076489533011272 0.07729468599033816 0.0322061191626409
0 0.4029790660225443 0.5040257648953301 0.06521739130434782 0.02818035426731079
1 0.6827697262479872 0.5173107890499195 0.1996779388083736 0.15136876006441224
0 0.6111111111111112 0.5229468599033816 0.0821256038647343 0.05314009661835749
0 0.5479066022544283 0.5056360708534622 0.033011272141706925 0.023349436392914653
1 0.5261674718196457 0.4943639291465378 0.0249597423510467 0.026570048309178744
0 0.4887278582930757 0.501207729468599 0.028985507246376812 0.02576489533011272
0 0.020933977455716585 0.5169082125603864 0.04186795491143317 0.05233494363929147
1 0.1642512077294686 0.5088566827697263 0.14814814814814814 0.0893719806763285
0 0.09219001610305957 0.5076489533011272 0.11030595813204509 0.04830917874396135
