0 0.08494363929146538 0.5700483091787439 0.16988727858293076 0.16022544283413848
0 0.8446054750402576 0.5555555555555556 0.30917874396135264 0.1892109500805153
0 0.45893719806763283 0.5229468599033816 0.11272141706924316 0.06924315619967794
0 0.7246376811594203 0.5503220611916264 0.14814814814814814 0.1143317230273752
0 0.6968599033816425 0.5225442834138486 0.09742351046698873 0.07648953301127215
0 0.9541062801932367 0.4895330112721417 0.09017713365539452 0.0571658615136876
1 0.8981481481481481 0.4867149758454106 0.12962962962962962 0.06280193236714976
1 0.8091787439613527 0.4923510466988728 0.10950080515297907 0.05636070853462158
0 0.5104669887278583 0.501207729468599 0.04830917874396135 0.0322061191626409
0 0.642914653784219 0.4967793880837359 0.03462157809983897 0.02818035426731079
0 0.5418679549114331 0.49476650563607083 0.033816425120772944 0.024154589371980676
2 0.6163446054750402 0.4782608695652174 0.036231884057971016 0.03462157809983897
