0 0.7334943639291466 0.5120772946859904 0.23510466988727857 0.08293075684380032
0 0.9480676328502415 0.4830917874396135 0.10225442834138486 0.033011272141706925
0 0.9202898550724637 0.48470209339774556 0.10789049919484701 0.03140096618357488
0 0.8876811594202898 0.48429951690821255 0.10547504025764895 0.030595813204508857
0 0.3522544283413849 0.5173107890499195 0.06038647342995169 0.04508856682769726
0 0.42391304347826086 0.5112721417069244 0.04911433172302738 0.03784219001610306
0 0.6698872785829307 0.4887278582930757 0.0966183574879227 0.036231884057971016
0 0.7580515297906603 0.48470209339774556 0.04750402576489533 0.026570048309178744
1 0.8450080515297906 0.47906602254428343 0.05555555555555555 0.03140096618357488
0 0.7894524959742351 0.4851046698872786 0.05233494363929147 0.024154589371980676
0 0.37640901771336555 0.5132850241545893 0.05233494363929147 0.033816425120772944
0 0.532608695652174 0.500805152979066 0.033011272141706925 0.023349436392914653
0 0.4883252818035427 0.501610305958132 0.023349436392914653 0.018518518518518517
