0 0.5161030595813204 0.5261674718196457 0.0644122383252818 0.061191626409017714
0 0.6509661835748792 0.5185185185185185 0.11674718196457327 0.0571658615136876
0 0.5921900161030595 0.5108695652173914 0.06682769726247988 0.033816425120772944
0 0.5688405797101449 0.5076489533011272 0.05877616747181964 0.024154589371980676
0 0.05112721417069243 0.5519323671497585 0.10225442834138486 0.07407407407407407
0 0.3667471819645733 0.5148953301127214 0.05233494363929147 0.0322061191626409
0 0.4363929146537842 0.5060386473429952 0.028985507246376812 0.020933977455716585
0 0.46980676328502413 0.501610305958132 0.020128824476650563 0.015297906602254429
0 0.28502415458937197 0.5197262479871175 0.06924315619967794 0.033816425120772944
0 0.322463768115942 0.5116747181964574 0.04750402576489533 0.0322061191626409
0 0.3711755233494364 0.5072463768115942 0.037037037037037035 0.021739130434782608
0 0.4210950080515298 0.5056360708534622 0.033816425120772944 0.015297906602254429
0 0.17834138486312398 0.5169082125603864 0.0748792270531401 0.03462157809983897
0 0.1723027375201288 0.5112721417069244 0.07729468599033816 0.0249597423510467
