0 0.4685737308622079 0.5108783239323127 0.0427074939564867 0.0394842868654311
0 0.08984689766317486 0.5709105560032232 0.17969379532634971 0.15954875100725222
0 0.19339242546333602 0.5253827558420628 0.13376309427880742 0.07010475423045931
0 0.3775181305398872 0.5213537469782433 0.08138597904915391 0.060435132957292505
0 0.31184528605962936 0.5120870265914585 0.05801772763900081 0.03384367445608381
0 0.4101531023368251 0.508460918614021 0.040290088638195005 0.029814665592264304
0 0.4315068493150685 0.5040290088638195 0.0265914585012087 0.019339242546333603
1 0.443593875906527 0.4939564867042707 0.016921837228041903 0.021756647864625302
0 0.2800161160354553 0.5068493150684932 0.04915390813859791 0.0265914585012087
0 0.0136986301369863 0.5330378726833199 0.0273972602739726 0.06124093473005641
