0 0.7306763285024155 0.571256038647343 0.22624798711755234 0.15780998389694043
0 0.08091787439613526 0.5756843800322061 0.16183574879227053 0.14895330112721417
0 0.12278582930756844 0.5495169082125604 0.24557165861513688 0.1143317230273752
0 0.143317230273752 0.532608695652174 0.22061191626409019 0.10789049919484701
0 0.2028985507246377 0.5293880837359098 0.1706924315619968 0.0644122383252818
0 0.28703703703703703 0.5241545893719807 0.14090177133655393 0.05394524959742351
0 0.3188405797101449 0.5197262479871175 0.12560386473429952 0.0499194847020934
0 0.3272946859903382 0.5152979066022544 0.09742351046698873 0.04750402576489533
0 0.3393719806763285 0.5100644122383253 0.11674718196457327 0.043478260869565216
0 0.3643317230273752 0.5076489533011272 0.08132045088566828 0.0322061191626409
0 0.3888888888888889 0.500805152979066 0.07085346215780998 0.033011272141706925
5 0.464573268921095 0.499194847020934 0.00644122383252818 0.016908212560386472
0 0.5688405797101449 0.5173107890499195 0.05233494363929147 0.04186795491143317
0 0.6308373590982287 0.5060386473429952 0.09420289855072464 0.03864734299516908
0 0.5776972624798712 0.500805152979066 0.0571658615136876 0.0249597423510467
0 0.5189210950080515 0.501207729468599 0.020128824476650563 0.01610305958132045
