0 0.5116747181964574 0.5217391304347826 0.06521739130434782 0.05394524959742351
0 0.24235104669887278 0.5100644122383253 0.07407407407407407 0.037037037037037035
5 0.7057165861513688 0.5173107890499195 0.07648953301127215 0.05636070853462158
1 0.5668276972624798 0.500402576489533 0.05152979066022544 0.05152979066022544
1 0.32286634460547503 0.499194847020934 0.04186795491143317 0.026570048309178744
0 0.3896940418679549 0.5056360708534622 0.07407407407407407 0.03462157809983897
0 0.4106280193236715 0.5056360708534622 0.06924315619967794 0.0249597423510467
0 0.427536231884058 0.500805152979066 0.05152979066022544 0.021739130434782608
0 0.44484702093397743 0.4967793880837359 0.03784219001610306 0.015297906602254429
0 0.48470209339774556 0.5084541062801933 0.03542673107890499 0.0322061191626409
0 0.3055555555555556 0.4963768115942029 0.04106280193236715 0.01932367149758454
