1 0.35185185185185186 0.5036231884057971 0.030595813204508857 0.0322061191626409
5 0.4388083735909823 0.5318035426731079 0.04830917874396135 0.08051529790660225
0 0.6578099838969405 0.5531400966183575 0.13526570048309178 0.11674718196457327
0 0.5394524959742351 0.535829307568438 0.11916264090177134 0.07407407407407407
0 0.18276972624798712 0.5458937198067633 0.11916264090177134 0.07326892109500806
1 0.2250402576489533 0.5301932367149759 0.07648953301127215 0.05958132045088567
0 0.4677938808373591 0.5209339774557166 0.06924315619967794 0.050724637681159424
0 0.4428341384863124 0.5148953301127214 0.057971014492753624 0.03864734299516908
0 0.24879227053140096 0.5213365539452496 0.0499194847020934 0.03864734299516908
0 0.41505636070853463 0.5144927536231884 0.039452495974235106 0.02818035426731079
