0 0.9146537842190016 0.5527375201288245 0.16908212560386474 0.19484702093397746
1 0.41505636070853463 0.5076489533011272 0.05233494363929147 0.05636070853462158
1 0.789049919484702 0.4915458937198068 0.2318840579710145 0.09017713365539452
0 0.22665056360708535 0.5205314009661836 0.08776167471819646 0.04508856682769726
0 0.13808373590982287 0.5144927536231884 0.11030595813204509 0.061996779388083734
0 0.34500805152979064 0.5040257648953301 0.04106280193236715 0.03140096618357488
0 0.5744766505636071 0.5052334943639292 0.071658615136876 0.040257648953301126
0 0.44847020933977455 0.49476650563607083 0.028985507246376812 0.02576489533011272
1 0.48188405797101447 0.4855072463768116 0.029790660225442835 0.033011272141706925
0 0.6247987117552335 0.5028180354267311 0.07407407407407407 0.04186795491143317
1 0.9541062801932367 0.48470209339774556 0.09017713365539452 0.06038647342995169
2 0.44323671497584544 0.4810789049919485 0.03140096618357488 0.04669887278582931
0 0.02455716586151369 0.5245571658615137 0.04911433172302738 0.043478260869565216
