0 0.4561191626409018 0.5116747181964574 0.03784219001610306 0.030595813204508857
0 0.17270531400966183 0.5829307568438004 0.34541062801932365 0.13446054750402575
0 0.12198067632850242 0.5535426731078905 0.21175523349436393 0.11272141706924316
0 0.29347826086956524 0.5213365539452496 0.11352657004830918 0.043478260869565216
0 0.32971014492753625 0.5152979066022544 0.08454106280193237 0.04106280193236715
0 0.3667471819645733 0.5112721417069244 0.07326892109500806 0.02818035426731079
0 0.3856682769726248 0.5096618357487923 0.05475040257648953 0.0249597423510467
1 0.3973429951690821 0.501610305958132 0.0571658615136876 0.02818035426731079
0 0.5901771336553945 0.534219001610306 0.09500805152979067 0.07085346215780998
0 0.5648148148148148 0.5249597423510467 0.0571658615136876 0.04750402576489533
0 0.5410628019323671 0.5169082125603864 0.05152979066022544 0.039452495974235106
2 0.5217391304347826 0.48993558776167473 0.05314009661835749 0.06924315619967794
0 0.1972624798711755 0.5136876006441223 0.06763285024154589 0.029790660225442835
0 0.46497584541062803 0.5064412238325282 0.02818035426731079 0.0249597423510467
