0 0.8393719806763285 0.5736714975845411 0.3196457326892109 0.1529790660225443
0 0.015297906602254429 0.5273752012882448 0.030595813204508857 0.05233494363929147
0 0.7294685990338164 0.5237520128824477 0.12399355877616747 0.1111111111111111
1 0.47665056360708535 0.49879227053140096 0.03864734299516908 0.040257648953301126
1 0.749194847020934 0.4851046698872786 0.17149758454106281 0.0644122383252818
0 0.3421900161030596 0.5068438003220612 0.05152979066022544 0.030595813204508857
0 0.2809983896940419 0.501610305958132 0.06280193236714976 0.0426731078904992
0 0.4178743961352657 0.4963768115942029 0.028985507246376812 0.024154589371980676
0 0.5966183574879227 0.49838969404186795 0.05314009661835749 0.029790660225442835
1 0.5261674718196457 0.4826892109500805 0.026570048309178744 0.028985507246376812
0 0.6352657004830918 0.49838969404186795 0.05475040257648953 0.03140096618357488
1 0.9396135265700483 0.4786634460547504 0.11916264090177134 0.0499194847020934
2 0.4923510466988728 0.4782608695652174 0.026570048309178744 0.039452495974235106
0 0.17351046698872785 0.5092592592592593 0.07809983896940419 0.0322061191626409
0 0.0861513687600644 0.5112721417069244 0.07085346215780998 0.029790660225442835
