0 0.5072463768115942 0.5225442834138486 0.06924315619967794 0.06521739130434782
1 0.7930756843800322 0.538647342995169 0.23510466988727857 0.177938808373591
0 0.6509661835748792 0.5177133655394525 0.13285024154589373 0.06360708534621579
0 0.5780998389694042 0.5 0.06763285024154589 0.02818035426731079
0 0.5543478260869565 0.49798711755233493 0.04428341384863124 0.020933977455716585
0 0.5458937198067633 0.4967793880837359 0.04186795491143317 0.016908212560386472
0 0.0748792270531401 0.5309983896940419 0.1497584541062802 0.07890499194847021
0 0.18800322061191627 0.5193236714975845 0.107085346215781 0.050724637681159424
0 0.27012882447665054 0.5144927536231884 0.06682769726247988 0.03140096618357488
0 0.35909822866344604 0.5028180354267311 0.03864734299516908 0.020933977455716585
0 0.37600644122383253 0.499194847020934 0.028985507246376812 0.021739130434782608
0 0.4033816425120773 0.4975845410628019 0.027375201288244767 0.015297906602254429
0 0.4363929146537842 0.49597423510466987 0.02576489533011272 0.012077294685990338
0 0.961755233494364 0.5144927536231884 0.0748792270531401 0.03462157809983897
0 0.11312399355877617 0.5148953301127214 0.08132045088566828 0.040257648953301126
