0 0.0499194847020934 0.5905797101449275 0.0998389694041868 0.11916264090177134
0 0.2608695652173913 0.5809178743961353 0.21739130434782608 0.13848631239935588
0 0.35990338164251207 0.5430756843800322 0.12077294685990338 0.08051529790660225
0 0.6521739130434783 0.5362318840579711 0.10144927536231885 0.08776167471819646
0 0.9750402576489533 0.5475040257648953 0.04830917874396135 0.16022544283413848
0 0.4170692431561997 0.5173107890499195 0.05314009661835749 0.04669887278582931
0 0.42914653784219003 0.5140901771336553 0.05636070853462158 0.033816425120772944
0 0.46819645732689213 0.49315619967793883 0.05233494363929147 0.017713365539452495
0 0.6497584541062802 0.5217391304347826 0.08373590982286634 0.05877616747181964
0 0.6892109500805152 0.5104669887278583 0.08373590982286634 0.04911433172302738
0 0.6360708534621579 0.49879227053140096 0.09017713365539452 0.033816425120772944
0 0.8707729468599034 0.500402576489533 0.09259259259259259 0.03864734299516908
0 0.8075684380032206 0.4943639291465378 0.07568438003220612 0.0249597423510467
