0 0.8341384863123994 0.5789049919484702 0.33011272141706927 0.14251207729468598
0 0.6131239935587761 0.5265700483091788 0.09903381642512077 0.07971014492753623
0 0.1932367149758454 0.5309983896940419 0.23349436392914655 0.08051529790660225
0 0.250805152979066 0.5221417069243156 0.17310789049919484 0.06763285024154589
0 0.2612721417069243 0.5128824476650563 0.13446054750402575 0.07004830917874397
0 0.28703703703703703 0.5161030595813204 0.11352657004830918 0.04428341384863124
0 0.33816425120772947 0.5104669887278583 0.10144927536231885 0.039452495974235106
0 0.35829307568438 0.5104669887278583 0.09339774557165861 0.03784219001610306
0 0.358695652173913 0.5044283413848631 0.0748792270531401 0.037037037037037035
0 0.3675523349436393 0.5040257648953301 0.09259259259259259 0.03462157809983897
0 0.39895330112721417 0.4939613526570048 0.06038647342995169 0.028985507246376812
5 0.46618357487922707 0.49516908212560384 0.004830917874396135 0.013687600644122383
0 0.5491143317230274 0.5088566827697263 0.040257648953301126 0.03140096618357488
0 0.5132850241545893 0.49597423510466987 0.018518518518518517 0.013687600644122383
