0 0.5040257648953301 0.5189210950080515 0.05152979066022544 0.04186795491143317
1 0.9231078904991948 0.5318035426731079 0.15217391304347827 0.23671497584541062
0 0.049516908212560384 0.5644122383252818 0.09903381642512077 0.17149758454106281
0 0.15579710144927536 0.5680354267310789 0.24235104669887278 0.13687600644122383
0 0.2560386473429952 0.5446859903381642 0.20450885668276972 0.09178743961352658
0 0.36312399355877617 0.5181159420289855 0.10466988727858294 0.05314009661835749
0 0.37318840579710144 0.5128824476650563 0.0861513687600644 0.0426731078904992
0 0.4190821256038647 0.5052334943639292 0.06843800322061191 0.027375201288244767
1 0.46256038647342995 0.48993558776167473 0.04106280193236715 0.020933977455716585
0 0.677938808373591 0.5398550724637681 0.1288244766505636 0.07407407407407407
0 0.6135265700483091 0.5152979066022544 0.07568438003220612 0.05394524959742351
0 0.5632045088566827 0.501610305958132 0.036231884057971016 0.02818035426731079
0 0.501610305958132 0.5048309178743962 0.030595813204508857 0.02818035426731079
0 0.13446054750402575 0.5076489533011272 0.10950080515297907 0.040257648953301126
1 0.679549114331723 0.49597423510466987 0.07890499194847021 0.03140096618357488
