0 0.16747181964573268 0.5680354267310789 0.24154589371980675 0.12560386473429952
0 0.8888888888888888 0.5793075684380032 0.22061191626409019 0.14170692431561996
0 0.3007246376811594 0.533816425120773 0.11674718196457327 0.06682769726247988
0 0.7338969404186796 0.5527375201288245 0.18438003220611915 0.1111111111111111
0 0.3534621578099839 0.5213365539452496 0.08373590982286634 0.04669887278582931
0 0.6404991948470209 0.5257648953301127 0.107085346215781 0.06843800322061191
0 0.4243156199677939 0.5056360708534622 0.033816425120772944 0.0249597423510467
0 0.6042673107890499 0.5157004830917874 0.06682769726247988 0.04830917874396135
0 0.5865539452495975 0.5088566827697263 0.04750402576489533 0.03784219001610306
0 0.572463768115942 0.5052334943639292 0.04186795491143317 0.030595813204508857
