0 0.4786634460547504 0.5092592592592593 0.04106280193236715 0.0322061191626409
0 0.18115942028985507 0.5406602254428341 0.15942028985507245 0.08051529790660225
0 0.3603059581320451 0.5442834138486312 0.11996779388083736 0.08293075684380032
0 0.40418679549114334 0.5257648953301127 0.07729468599033816 0.05877616747181964
0 0.3252818035426731 0.5108695652173914 0.10628019323671498 0.04508856682769726
0 0.8727858293075684 0.5885668276972624 0.2528180354267311 0.12318840579710146
2 0.6731078904991948 0.4859098228663446 0.22705314009661837 0.21739130434782608
0 0.5422705314009661 0.5132850241545893 0.04428341384863124 0.03542673107890499
0 0.5245571658615137 0.5068438003220612 0.03140096618357488 0.024154589371980676
2 0.5157004830917874 0.49033816425120774 0.03784219001610306 0.04911433172302738
0 0.21215780998389694 0.5060386473429952 0.06521739130434782 0.027375201288244767
0 0.47020933977455714 0.5048309178743962 0.027375201288244767 0.0249597423510467
0 0.03421900161030596 0.5197262479871175 0.06843800322061191 0.0499194847020934
