0 0.5152979066022544 0.533816425120773 0.09178743961352658 0.08776167471819646
0 0.7540257648953301 0.5446859903381642 0.19887278582930756 0.11594202898550725
0 0.5974235104669887 0.5040257648953301 0.08051529790660225 0.036231884057971016
0 0.5672302737520128 0.500402576489533 0.050724637681159424 0.024154589371980676
0 0.5527375201288245 0.49798711755233493 0.04750402576489533 0.01932367149758454
0 0.0748792270531401 0.532608695652174 0.1497584541062802 0.07568438003220612
0 0.20813204508856684 0.5213365539452496 0.09581320450885668 0.04186795491143317
0 0.3365539452495974 0.5056360708534622 0.04669887278582931 0.023349436392914653
0 0.35990338164251207 0.500805152979066 0.033816425120772944 0.0249597423510467
0 0.394524959742351 0.49838969404186795 0.030595813204508857 0.016908212560386472
0 0.43156199677938806 0.4963768115942029 0.028985507246376812 0.01288244766505636
0 0.25925925925925924 0.5040257648953301 0.05152979066022544 0.0249597423510467
0 0.018518518518518517 0.5229468599033816 0.037037037037037035 0.05152979066022544
