0 0.08051529790660225 0.5942028985507246 0.1610305958132045 0.11191626409017713
0 0.5551529790660226 0.5136876006441223 0.050724637681159424 0.039452495974235106
0 0.24154589371980675 0.5652173913043478 0.18840579710144928 0.11191626409017713
0 0.7592592592592593 0.5092592592592593 0.17713365539452497 0.05152979066022544
0 0.7190016103059581 0.49798711755233493 0.14009661835748793 0.05636070853462158
0 0.36272141706924316 0.5140901771336553 0.04911433172302738 0.03542673107890499
0 0.285829307568438 0.5309983896940419 0.09017713365539452 0.05314009661835749
0 0.6618357487922706 0.500402576489533 0.10305958132045089 0.037037037037037035
0 0.3969404186795491 0.5092592592592593 0.0322061191626409 0.024154589371980676
1 0.9492753623188406 0.48148148148148145 0.0998389694041868 0.04589371980676329
