0 0.392914653784219 0.5040257648953301 0.07085346215780998 0.0249597423510467
0 0.5466988727858293 0.5052334943639292 0.037037037037037035 0.030595813204508857
0 0.44806763285024154 0.5092592592592593 0.036231884057971016 0.028985507246376812
0 0.31521739130434784 0.5132850241545893 0.13123993558776167 0.04508856682769726
0 0.26288244766505636 0.5233494363929146 0.17149758454106281 0.06360708534621579
0 0.2037037037037037 0.53341384863124 0.2463768115942029 0.0853462157809984
0 0.10305958132045089 0.5418679549114331 0.20611916264090177 0.107085346215781
0 0.09460547504025765 0.5535426731078905 0.1892109500805153 0.18840579710144928
0 0.6179549114331723 0.533011272141707 0.09581320450885668 0.061996779388083734
0 0.821256038647343 0.5825281803542673 0.355877616747182 0.13526570048309178
