0 0.5040257648953301 0.533011272141707 0.06280193236714976 0.05394524959742351
0 0.1529790660225443 0.5314009661835749 0.11594202898550725 0.05394524959742351
5 0.8381642512077294 0.5426731078904992 0.14009661835748793 0.09581320450885668
1 0.5966183574879227 0.5181159420289855 0.07890499194847021 0.07407407407407407
1 0.2608695652173913 0.5152979066022544 0.06602254428341385 0.03784219001610306
0 0.357487922705314 0.5245571658615137 0.0966183574879227 0.04830917874396135
0 0.39090177133655396 0.5205314009661836 0.08454106280193237 0.0322061191626409
0 0.41626409017713367 0.5144927536231884 0.05958132045088567 0.026570048309178744
0 0.43760064412238325 0.5100644122383253 0.04428341384863124 0.017713365539452495
0 0.5628019323671497 0.5177133655394525 0.04186795491143317 0.029790660225442835
0 0.4851046698872786 0.5165056360708534 0.03462157809983897 0.0322061191626409
0 0.2753623188405797 0.5120772946859904 0.05152979066022544 0.023349436392914653
