0 0.09380032206119163 0.5869565217391305 0.18760064412238325 0.12640901771336555
0 0.22826086956521738 0.572463768115942 0.2181964573268921 0.1247987117552335
0 0.8494363929146538 0.5744766505636071 0.2995169082125604 0.15136876006441224
0 0.7012882447665056 0.5438808373590982 0.17713365539452497 0.1143317230273752
0 0.9247181964573269 0.49516908212560384 0.14895330112721417 0.07648953301127215
0 0.5430756843800322 0.5024154589371981 0.04428341384863124 0.029790660225442835
0 0.4915458937198068 0.5 0.03140096618357488 0.018518518518518517
0 0.6698872785829307 0.5044283413848631 0.0966183574879227 0.040257648953301126
0 0.4601449275362319 0.49597423510466987 0.036231884057971016 0.015297906602254429
5 0.39371980676328505 0.499597423510467 0.011272141706924315 0.020933977455716585
