0 0.6654589371980676 0.5044283413848631 0.1537842190016103 0.05475040257648953
0 0.9923510466988728 0.47705314009661837 0.013687600644122383 0.03864734299516908
0 0.8816425120772947 0.48027375201288247 0.09017713365539452 0.027375201288244767
0 0.856682769726248 0.48027375201288247 0.08695652173913043 0.02576489533011272
0 0.8381642512077294 0.4826892109500805 0.08695652173913043 0.02576489533011272
0 0.394122383252818 0.5116747181964574 0.0426731078904992 0.033816425120772944
0 0.4553140096618358 0.5036231884057971 0.03140096618357488 0.024154589371980676
0 0.6541867954911433 0.49074074074074076 0.07971014492753623 0.030595813204508857
0 0.7347020933977456 0.48148148148148145 0.039452495974235106 0.023349436392914653
0 0.7640901771336553 0.4834943639291465 0.043478260869565216 0.020933977455716585
0 0.538244766505636 0.4971819645732689 0.02818035426731079 0.01932367149758454
