0 0.6851851851851852 0.538244766505636 0.14170692431561996 0.0853462157809984
0 0.4967793880837359 0.499194847020934 0.05958132045088567 0.021739130434782608
5 0.7194041867954911 0.5084541062801933 0.05877616747181964 0.04508856682769726
0 0.6557971014492754 0.49355877616747185 0.05877616747181964 0.021739130434782608
0 0.8023349436392915 0.49033816425120774 0.0748792270531401 0.020128824476650563
1 0.9698067632850241 0.48752012882447665 0.05877616747181964 0.027375201288244767
0 0.34098228663446056 0.5032206119162641 0.05233494363929147 0.021739130434782608
0 0.21859903381642512 0.5048309178743962 0.04750402576489533 0.020128824476650563
0 0.4810789049919485 0.49597423510466987 0.018518518518518517 0.012077294685990338
0 0.4533011272141707 0.49597423510466987 0.020933977455716585 0.012077294685990338
