0 0.08494363929146538 0.5889694041867954 0.16988727858293076 0.12238325281803543
1 0.2890499194847021 0.5293880837359098 0.22705314009661837 0.1964573268921095
0 0.8285024154589372 0.5660225442834138 0.3413848631239936 0.1682769726247987
0 0.061996779388083734 0.5869565217391305 0.12399355877616747 0.12640901771336555
0 0.6332528180354268 0.5197262479871175 0.1859903381642512 0.07568438003220612
1 0.40942028985507245 0.5112721417069244 0.08132045088566828 0.06843800322061191
0 0.16465378421900162 0.5587761674718197 0.19243156199677938 0.10547504025764895
0 0.5366344605475041 0.5072463768115942 0.036231884057971016 0.03140096618357488
0 0.5233494363929146 0.5036231884057971 0.0322061191626409 0.028985507246376812
0 0.44605475040257647 0.4967793880837359 0.014492753623188406 0.015297906602254429
