0 0.051932367149758456 0.5688405797101449 0.10386473429951691 0.16264090177133655
0 0.11594202898550725 0.5527375201288245 0.2318840579710145 0.13365539452495975
0 0.11513687600644122 0.5362318840579711 0.23027375201288244 0.09420289855072464
0 0.20450885668276972 0.5370370370370371 0.2028985507246377 0.0748792270531401
0 0.23349436392914655 0.5237520128824477 0.18840579710144928 0.06280193236714976
0 0.2942834138486312 0.5132850241545893 0.1280193236714976 0.05152979066022544
0 0.3140096618357488 0.5076489533011272 0.12560386473429952 0.05636070853462158
5 0.44082125603864736 0.5048309178743962 0.012077294685990338 0.026570048309178744
0 0.822061191626409 0.5805152979066023 0.34299516908212563 0.1392914653784219
0 0.8381642512077294 0.5366344605475041 0.26570048309178745 0.09822866344605476
0 0.7648953301127214 0.5322061191626409 0.18357487922705315 0.07326892109500806
0 0.7097423510466989 0.5257648953301127 0.14090177133655393 0.0571658615136876
0 0.6839774557165862 0.5181159420289855 0.10547504025764895 0.0499194847020934
0 0.6566022544283414 0.5165056360708534 0.12318840579710146 0.04669887278582931
0 0.6328502415458938 0.5140901771336553 0.11272141706924316 0.037037037037037035
0 0.6239935587761675 0.5080515297906603 0.09339774557165861 0.04106280193236715
0 0.37399355877616747 0.5036231884057971 0.08132045088566828 0.027375201288244767
0 0.3884863123993559 0.5052334943639292 0.07004830917874397 0.024154589371980676
0 0.5253623188405797 0.5040257648953301 0.029790660225442835 0.021739130434782608
0 0.5140901771336553 0.5 0.018518518518518517 0.015297906602254429
1 0.49879227053140096 0.49114331723027377 0.012077294685990338 0.013687600644122383
