0 0.9134460547504025 0.5511272141706924 0.17149758454106281 0.1723027375201288
0 0.15257648953301128 0.5772946859903382 0.30515297906602257 0.1457326892109501
0 0.3442028985507246 0.5406602254428341 0.11674718196457327 0.07890499194847021
0 0.391304347826087 0.5241545893719807 0.08051529790660225 0.05555555555555555
0 0.5986312399355878 0.5201288244766505 0.06682769726247988 0.06038647342995169
0 0.8739935587761675 0.5245571658615137 0.250402576489533 0.09822866344605476
0 0.4247181964573269 0.5084541062801933 0.04428341384863124 0.03864734299516908
0 0.4311594202898551 0.5068438003220612 0.04911433172302738 0.028985507246376812
0 0.36513687600644124 0.49476650563607083 0.050724637681159424 0.017713365539452495
0 0.6123188405797102 0.5112721417069244 0.06682769726247988 0.04428341384863124
0 0.6489533011272142 0.5028180354267311 0.06924315619967794 0.040257648953301126
0 0.7657004830917874 0.49074074074074076 0.06602254428341385 0.02254428341384863
