0 0.6239935587761675 0.5309983896940419 0.12560386473429952 0.0966183574879227
0 0.0853462157809984 0.5636070853462157 0.1706924315619968 0.13123993558776167
0 0.13446054750402575 0.5475040257648953 0.2689210950080515 0.10064412238325282
0 0.18800322061191627 0.5362318840579711 0.2181964573268921 0.07648953301127215
0 0.23429951690821257 0.5261674718196457 0.16264090177133655 0.06280193236714976
0 0.2962962962962963 0.5124798711755234 0.1529790660225443 0.06280193236714976
0 0.27375201288244766 0.5209339774557166 0.1320450885668277 0.06038647342995169
0 0.5825281803542673 0.5217391304347826 0.0748792270531401 0.050724637681159424
0 0.30998389694041867 0.5092592592592593 0.10789049919484701 0.05314009661835749
0 0.3397745571658615 0.5088566827697263 0.10466988727858294 0.039452495974235106
0 0.5322061191626409 0.5056360708534622 0.0322061191626409 0.0249597423510467
0 0.5599838969404187 0.5128824476650563 0.05233494363929147 0.04106280193236715
