0 0.4613526570048309 0.5539452495974235 0.12560386473429952 0.11996779388083736
0 0.48470209339774556 0.5140901771336553 0.061191626409017714 0.0644122383252818
0 0.7105475040257649 0.5579710144927537 0.1972624798711755 0.13768115942028986
0 0.6018518518518519 0.5277777777777778 0.09903381642512077 0.07246376811594203
0 0.5571658615136876 0.5148953301127214 0.057971014492753624 0.0499194847020934
0 0.10628019323671498 0.5116747181964574 0.06602254428341385 0.02576489533011272
0 0.29589371980676327 0.5040257648953301 0.04911433172302738 0.021739130434782608
0 0.22061191626409019 0.5084541062801933 0.05314009661835749 0.020933977455716585
0 0.4553140096618358 0.501207729468599 0.03140096618357488 0.024154589371980676
0 0.5362318840579711 0.5068438003220612 0.033816425120772944 0.030595813204508857
