0 0.042270531400966184 0.5519323671497585 0.08454106280193237 0.1964573268921095
5 0.3289049919484702 0.539049919484702 0.04911433172302738 0.0853462157809984
0 0.9416264090177133 0.5744766505636071 0.11513687600644122 0.15136876006441224
0 0.8611111111111112 0.5648148148148148 0.27616747181964574 0.1288244766505636
0 0.8285024154589372 0.535426731078905 0.2753623188405797 0.11352657004830918
0 0.24758454106280192 0.5225442834138486 0.16988727858293076 0.05394524959742351
0 0.2890499194847021 0.5193236714975845 0.13526570048309178 0.04589371980676329
0 0.3196457326892109 0.5116747181964574 0.0853462157809984 0.037037037037037035
0 0.5374396135265701 0.5128824476650563 0.05394524959742351 0.039452495974235106
0 0.3675523349436393 0.5048309178743962 0.06843800322061191 0.026570048309178744
0 0.5112721417069244 0.501610305958132 0.027375201288244767 0.023349436392914653
1 0.48993558776167473 0.49033816425120774 0.013687600644122383 0.016908212560386472
