0 0.5052334943639292 0.5165056360708534 0.050724637681159424 0.04186795491143317
0 0.26851851851851855 0.5434782608695652 0.1747181964573269 0.10386473429951691
0 0.30475040257648955 0.5305958132045089 0.1392914653784219 0.071658615136876
0 0.39533011272141705 0.5132850241545893 0.09178743961352658 0.037037037037037035
0 0.41304347826086957 0.5056360708534622 0.05958132045088567 0.02818035426731079
0 0.4255233494363929 0.5052334943639292 0.05877616747181964 0.02576489533011272
1 0.4573268921095008 0.49315619967793883 0.04669887278582931 0.024154589371980676
0 0.8776167471819646 0.5837359098228664 0.2431561996779388 0.13285024154589373
0 0.6984702093397746 0.535829307568438 0.1537842190016103 0.09339774557165861
0 0.6235909822866345 0.5213365539452496 0.0748792270531401 0.04830917874396135
0 0.5946054750402576 0.5144927536231884 0.05394524959742351 0.036231884057971016
0 0.5813204508856683 0.5064412238325282 0.04830917874396135 0.036231884057971016
0 0.09541062801932366 0.5366344605475041 0.19082125603864733 0.07729468599033816
0 0.5044283413848631 0.5040257648953301 0.029790660225442835 0.026570048309178744
0 0.026167471819645734 0.5128824476650563 0.05233494363929147 0.05394524959742351
0 0.21698872785829307 0.5209339774557166 0.11513687600644122 0.05233494363929147
1 0.715378421900161 0.4971819645732689 0.09581320450885668 0.037037037037037035
