0 0.5052334943639292 0.5177133655394525 0.05394524959742351 0.050724637681159424
0 0.7322866344605475 0.5374396135265701 0.1570048309178744 0.0966183574879227
0 0.6324476650563607 0.5177133655394525 0.11352657004830918 0.05233494363929147
0 0.20531400966183574 0.535426731078905 0.15780998389694043 0.07971014492753623
0 0.033816425120772944 0.5462962962962963 0.06763285024154589 0.07729468599033816
0 0.12359098228663445 0.5273752012882448 0.1392914653784219 0.071658615136876
0 0.38768115942028986 0.5096618357487923 0.05555555555555555 0.029790660225442835
0 0.4726247987117552 0.4971819645732689 0.02576489533011272 0.01932367149758454
0 0.2785829307568438 0.5128824476650563 0.07729468599033816 0.036231884057971016
0 0.37681159420289856 0.5060386473429952 0.0499194847020934 0.02254428341384863
0 0.5442834138486312 0.49597423510466987 0.01932367149758454 0.013687600644122383
0 0.17954911433172302 0.5144927536231884 0.09500805152979067 0.036231884057971016
