0 0.24114331723027374 0.5450885668276972 0.1392914653784219 0.07809983896940419
0 0.31239935587761675 0.5277777777777778 0.0853462157809984 0.0499194847020934
0 0.3502415458937198 0.5197262479871175 0.05636070853462158 0.03864734299516908
0 0.3776167471819646 0.5136876006441223 0.04669887278582931 0.029790660225442835
0 0.6992753623188406 0.49074074074074076 0.10225442834138486 0.03864734299516908
0 0.6803542673107891 0.4891304347826087 0.06924315619967794 0.037037037037037035
0 0.6602254428341385 0.49033816425120774 0.07407407407407407 0.033011272141706925
0 0.9766505636070854 0.46980676328502413 0.04508856682769726 0.037037037037037035
0 0.9541062801932367 0.46980676328502413 0.09017713365539452 0.037037037037037035
0 0.9388083735909822 0.4718196457326892 0.12077294685990338 0.03140096618357488
0 0.9082125603864735 0.4746376811594203 0.10950080515297907 0.028985507246376812
0 0.4053945249597424 0.5096618357487923 0.036231884057971016 0.023349436392914653
0 0.5547504025764896 0.5028180354267311 0.037037037037037035 0.028985507246376812
