0 0.5052334943639292 0.5173107890499195 0.050724637681159424 0.04186795491143317
0 0.29911433172302737 0.535426731078905 0.1537842190016103 0.0861513687600644
0 0.32407407407407407 0.5257648953301127 0.1247987117552335 0.061996779388083734
0 0.40217391304347827 0.5104669887278583 0.0861513687600644 0.03462157809983897
0 0.42914653784219003 0.5024154589371981 0.05636070853462158 0.0249597423510467
1 0.45893719806763283 0.49033816425120774 0.04669887278582931 0.023349436392914653
0 0.8522544283413849 0.5805152979066023 0.2938808373590982 0.1392914653784219
0 0.6731078904991948 0.5269726247987118 0.12721417069243157 0.08051529790660225
0 0.6139291465378421 0.5177133655394525 0.06682769726247988 0.04428341384863124
0 0.5885668276972624 0.5120772946859904 0.0499194847020934 0.033011272141706925
0 0.5768921095008052 0.5056360708534622 0.04428341384863124 0.03462157809983897
0 0.13405797101449277 0.5297906602254429 0.18115942028985507 0.06521739130434782
0 0.5044283413848631 0.5044283413848631 0.029790660225442835 0.027375201288244767
0 0.04468599033816425 0.5144927536231884 0.0893719806763285 0.05394524959742351
0 0.24074074074074073 0.5177133655394525 0.10144927536231885 0.04750402576489533
1 0.7069243156199678 0.49798711755233493 0.09178743961352658 0.03542673107890499
