0 0.5112721417069244 0.5249597423510467 0.07729468599033816 0.07326892109500806
1 0.8852657004830918 0.5374396135265701 0.2278582930756844 0.22544283413848631
0 0.6839774557165862 0.5237520128824477 0.15539452495974235 0.07890499194847021
0 0.5865539452495975 0.499194847020934 0.071658615136876 0.03140096618357488
0 0.5607890499194848 0.4971819645732689 0.04750402576489533 0.02254428341384863
0 0.5495169082125604 0.49516908212560384 0.04428341384863124 0.016908212560386472
0 0.043478260869565216 0.533816425120773 0.08695652173913043 0.08293075684380032
0 0.14653784219001612 0.5201288244766505 0.13043478260869565 0.05877616747181964
0 0.24798711755233493 0.5148953301127214 0.07729468599033816 0.03542673107890499
0 0.3506441223832528 0.501610305958132 0.0426731078904992 0.021739130434782608
0 0.37037037037037035 0.4975845410628019 0.030595813204508857 0.023349436392914653
0 0.4001610305958132 0.4963768115942029 0.028985507246376812 0.01610305958132045
0 0.43478260869565216 0.4943639291465378 0.027375201288244767 0.012077294685990338
0 0.057971014492753624 0.5181159420289855 0.10144927536231885 0.04669887278582931
