0 0.5692431561996779 0.5165056360708534 0.061191626409017714 0.04669887278582931
0 0.12399355877616747 0.5869565217391305 0.24798711755233493 0.12640901771336555
0 0.8289049919484702 0.5120772946859904 0.2278582930756844 0.06521739130434782
0 0.7681159420289855 0.49879227053140096 0.1723027375201288 0.06763285024154589
0 0.3506441223832528 0.5173107890499195 0.0571658615136876 0.040257648953301126
0 0.24235104669887278 0.5406602254428341 0.11916264090177134 0.06763285024154589
0 0.6908212560386473 0.500805152979066 0.12077294685990338 0.0426731078904992
0 0.39170692431562 0.5084541062801933 0.036231884057971016 0.02576489533011272
0 0.928743961352657 0.4859098228663446 0.11030595813204509 0.03542673107890499
0 0.8872785829307569 0.48429951690821255 0.10466988727858294 0.028985507246376812
1 0.9798711755233495 0.47906602254428343 0.03864734299516908 0.05233494363929147
