0 0.4935535858178888 0.5209508460918614 0.07010475423045931 0.064464141821112
0 0.08017727639000806 0.5757453666398066 0.16035455278001612 0.1498791297340854
0 0.32070910556003224 0.5261885576148267 0.09186140209508462 0.055600322320709106
0 0.250201450443191 0.5181305398871877 0.0926672038678485 0.04754230459307011
0 0.3835616438356164 0.5124899274778405 0.05801772763900081 0.0378726833199033
0 0.037066881547139406 0.5298146655922643 0.07413376309427881 0.064464141821112
0 0.12852538275584205 0.5181305398871877 0.10878323932312652 0.04593070104754231
1 0.314262691377921 0.49959709911361805 0.043513295729250605 0.028203062046736505
0 0.5173247381144238 0.5012087026591459 0.024174053182917002 0.015310233682514102
0 0.556809024979855 0.5008058017727639 0.017727639000805803 0.011281224818694601
