0 0.4883252818035427 0.5020128824476651 0.020128824476650563 0.01932367149758454
0 0.23832528180354268 0.5789049919484702 0.2463768115942029 0.14251207729468598
0 0.8635265700483091 0.571256038647343 0.2713365539452496 0.15780998389694043
0 0.748389694041868 0.5680354267310789 0.23268921095008052 0.1642512077294686
0 0.5901771336553945 0.5245571658615137 0.08373590982286634 0.061191626409017714
0 0.538244766505636 0.5072463768115942 0.03462157809983897 0.029790660225442835
0 0.5656199677938808 0.5148953301127214 0.0571658615136876 0.04669887278582931
0 0.2946859903381642 0.5148953301127214 0.07085346215780998 0.02576489533011272
0 0.20450885668276972 0.5165056360708534 0.08051529790660225 0.027375201288244767
0 0.5221417069243156 0.501610305958132 0.021739130434782608 0.018518518518518517
