0 0.6988727858293076 0.5567632850241546 0.2028985507246377 0.14492753623188406
0 0.06763285024154589 0.5793075684380032 0.13526570048309178 0.14170692431561996
0 0.11594202898550725 0.5575684380032206 0.2318840579710145 0.12077294685990338
0 0.15056360708534622 0.5462962962962963 0.24154589371980675 0.08373590982286634
0 0.6082930756843801 0.5293880837359098 0.09903381642512077 0.0644122383252818
0 0.5587761674718197 0.5108695652173914 0.0499194847020934 0.043478260869565216
0 0.3285024154589372 0.5148953301127214 0.12077294685990338 0.043478260869565216
0 0.3438003220611916 0.5076489533011272 0.08051529790660225 0.043478260869565216
0 0.3828502415458937 0.5072463768115942 0.06843800322061191 0.026570048309178744
0 0.532608695652174 0.5040257648953301 0.02818035426731079 0.023349436392914653
