0 0.8800322061191627 0.57085346215781 0.23832528180354268 0.15861513687600645
0 0.09259259259259259 0.5797101449275363 0.18518518518518517 0.14090177133655393
0 0.3107890499194847 0.5261674718196457 0.09017713365539452 0.05475040257648953
0 0.3530595813204509 0.5177133655394525 0.061996779388083734 0.03784219001610306
0 0.3784219001610306 0.5120772946859904 0.043478260869565216 0.03140096618357488
0 0.39814814814814814 0.5084541062801933 0.03784219001610306 0.02576489533011272
0 0.6727053140096618 0.4895330112721417 0.0861513687600644 0.033011272141706925
0 0.6404991948470209 0.4887278582930757 0.06360708534621579 0.02818035426731079
0 0.9452495974235104 0.4722222222222222 0.10789049919484701 0.0322061191626409
0 0.9102254428341385 0.47383252818035426 0.10547504025764895 0.0322061191626409
0 0.8856682769726248 0.4750402576489533 0.10305958132045089 0.026570048309178744
0 0.8611111111111112 0.4754428341384863 0.09420289855072464 0.02576489533011272
0 0.4190821256038647 0.5044283413848631 0.03140096618357488 0.020933977455716585
0 0.5515297906602254 0.499194847020934 0.0322061191626409 0.0249597423510467
