0 0.894524959742351 0.5785024154589372 0.20933977455716588 0.143317230273752
0 0.8349436392914654 0.5499194847020934 0.21900161030595813 0.17632850241545894
1 0.4577294685990338 0.5028180354267311 0.0426731078904992 0.04669887278582931
1 0.7677133655394525 0.4883252818035427 0.1956521739130435 0.07407407407407407
0 0.30475040257648955 0.5124798711755234 0.061996779388083734 0.03542673107890499
0 0.23309178743961353 0.5064412238325282 0.07809983896940419 0.04911433172302738
0 0.394122383252818 0.499194847020934 0.033011272141706925 0.026570048309178744
0 0.5913848631239935 0.5028180354267311 0.06038647342995169 0.033816425120772944
0 0.4822866344605475 0.4919484702093398 0.027375201288244767 0.023349436392914653
1 0.5124798711755234 0.48389694041867953 0.02818035426731079 0.029790660225442835
0 0.6352657004830918 0.501207729468599 0.06280193236714976 0.03542673107890499
1 0.9488727858293076 0.4822866344605475 0.10064412238325282 0.05555555555555555
2 0.47665056360708535 0.47987117552334946 0.028985507246376812 0.0426731078904992
0 0.11030595813204509 0.5169082125603864 0.0998389694041868 0.03784219001610306
0 0.026972624798711754 0.5209339774557166 0.05394524959742351 0.03462157809983897
