0 0.5044283413848631 0.5161030595813204 0.05233494363929147 0.0426731078904992
1 0.8800322061191627 0.5293880837359098 0.23832528180354268 0.24154589371980675
0 0.10104669887278583 0.5628019323671497 0.20209339774557167 0.1747181964573269
0 0.20933977455716588 0.5495169082125604 0.20933977455716588 0.10950080515297907
0 0.2830112721417069 0.5362318840579711 0.17954911433172302 0.07809983896940419
0 0.3715780998389694 0.5152979066022544 0.09742351046698873 0.04911433172302738
0 0.4214975845410628 0.5020128824476651 0.06521739130434782 0.02576489533011272
0 0.6566022544283414 0.5322061191626409 0.11030595813204509 0.06521739130434782
0 0.6042673107890499 0.5120772946859904 0.06843800322061191 0.04911433172302738
0 0.499194847020934 0.5044283413848631 0.030595813204508857 0.027375201288244767
0 0.15619967793880837 0.5048309178743962 0.0998389694041868 0.03784219001610306
1 0.6739130434782609 0.4939613526570048 0.07568438003220612 0.030595813204508857
