0 0.49476650563607083 0.5132850241545893 0.04589371980676329 0.037037037037037035
0 0.10668276972624799 0.5563607085346216 0.21336553945249598 0.18760064412238325
0 0.286231884057971 0.5305958132045089 0.14090177133655393 0.07004830917874397
0 0.33816425120772947 0.5181159420289855 0.12238325281803543 0.06763285024154589
0 0.3788244766505636 0.5161030595813204 0.09420289855072464 0.03784219001610306
0 0.38727858293075684 0.5124798711755234 0.08373590982286634 0.033816425120772944
0 0.4057971014492754 0.5068438003220612 0.05958132045088567 0.024154589371980676
0 0.42069243156199676 0.5036231884057971 0.05233494363929147 0.02254428341384863
1 0.5982286634460547 0.5092592592592593 0.09339774557165861 0.07890499194847021
0 0.538647342995169 0.5036231884057971 0.024154589371980676 0.01932367149758454
0 0.48792270531400966 0.5052334943639292 0.028985507246376812 0.02576489533011272
1 0.2757648953301127 0.5024154589371981 0.07809983896940419 0.05555555555555555
0 0.21014492753623187 0.5080515297906603 0.06602254428341385 0.03462157809983897
