0 0.501610305958132 0.5120772946859904 0.05475040257648953 0.050724637681159424
0 0.9005636070853462 0.570450885668277 0.1972624798711755 0.15942028985507245
0 0.783011272141707 0.534621578099839 0.1892109500805153 0.11996779388083736
1 0.6473429951690821 0.5052334943639292 0.14009661835748793 0.07729468599033816
0 0.5970209339774557 0.5052334943639292 0.09098228663446055 0.040257648953301126
0 0.5587761674718197 0.49557165861513686 0.05475040257648953 0.02254428341384863
0 0.5462962962962963 0.4939613526570048 0.03784219001610306 0.017713365539452495
0 0.2073268921095008 0.5124798711755234 0.10225442834138486 0.04830917874396135
1 0.35628019323671495 0.4927536231884058 0.071658615136876 0.06038647342995169
0 0.2713365539452496 0.5084541062801933 0.06602254428341385 0.03542673107890499
0 0.3172302737520129 0.5064412238325282 0.04669887278582931 0.023349436392914653
0 0.37681159420289856 0.4975845410628019 0.0322061191626409 0.016908212560386472
0 0.2069243156199678 0.5072463768115942 0.05314009661835749 0.029790660225442835
