0 0.25161030595813205 0.4923510466988728 0.05233494363929147 0.040257648953301126
0 0.29025764895330114 0.49557165861513686 0.05233494363929147 0.028985507246376812
0 0.34098228663446056 0.4939613526570048 0.06038647342995169 0.02576489533011272
1 0.4758454106280193 0.4891304347826087 0.05636070853462158 0.030595813204508857
0 0.49838969404186795 0.49074074074074076 0.04186795491143317 0.020933977455716585
0 0.53341384863124 0.4891304347826087 0.04428341384863124 0.020933977455716585
0 0.5595813204508857 0.49114331723027377 0.04830917874396135 0.016908212560386472
0 0.5837359098228664 0.49114331723027377 0.03542673107890499 0.016908212560386472
0 0.6030595813204509 0.4915458937198068 0.040257648953301126 0.01610305958132045
0 0.6231884057971014 0.48993558776167473 0.04669887278582931 0.01610305958132045
1 0.6578099838969405 0.4851046698872786 0.04830917874396135 0.02254428341384863
0 0.676731078904992 0.4887278582930757 0.0426731078904992 0.015297906602254429
0 0.6908212560386473 0.48711755233494364 0.037037037037037035 0.013687600644122383
