0 0.49597423510466987 0.5064412238325282 0.03542673107890499 0.033011272141706925
0 0.8268921095008052 0.5644122383252818 0.24476650563607086 0.17149758454106281
0 0.7234299516908212 0.538647342995169 0.19243156199677938 0.10064412238325282
0 0.6682769726247987 0.5213365539452496 0.1497584541062802 0.07729468599033816
0 0.6409017713365539 0.5169082125603864 0.10950080515297907 0.05394524959742351
0 0.6167471819645732 0.5104669887278583 0.10466988727858294 0.0426731078904992
0 0.428743961352657 0.49838969404186795 0.018518518518518517 0.012077294685990338
0 0.3812399355877617 0.5080515297906603 0.03784219001610306 0.0249597423510467
0 0.5744766505636071 0.5020128824476651 0.071658615136876 0.028985507246376812
0 0.5531400966183575 0.499597423510467 0.057971014492753624 0.02254428341384863
1 0.537842190016103 0.49476650563607083 0.04669887278582931 0.020933977455716585
0 0.3824476650563607 0.499194847020934 0.02576489533011272 0.016908212560386472
0 0.3603059581320451 0.4971819645732689 0.016908212560386472 0.01288244766505636
