0 0.3522544283413849 0.49033816425120774 0.04589371980676329 0.03462157809983897
0 0.38486312399355876 0.49315619967793883 0.04508856682769726 0.02576489533011272
0 0.428341384863124 0.4915458937198068 0.05314009661835749 0.02254428341384863
1 0.5487117552334944 0.4863123993558776 0.05233494363929147 0.02818035426731079
0 0.5696457326892109 0.4883252818035427 0.039452495974235106 0.01932367149758454
0 0.6034621578099839 0.48711755233494364 0.0426731078904992 0.020128824476650563
0 0.6292270531400966 0.4891304347826087 0.04750402576489533 0.01610305958132045
0 0.6529790660225443 0.4891304347826087 0.03542673107890499 0.01610305958132045
0 0.6727053140096618 0.4895330112721417 0.039452495974235106 0.015297906602254429
0 0.6932367149758454 0.48752012882447665 0.04669887278582931 0.01610305958132045
1 0.7298711755233495 0.4834943639291465 0.04911433172302738 0.02254428341384863
0 0.7479871175523349 0.4863123993558776 0.043478260869565216 0.015297906602254429
0 0.7657004830917874 0.4863123993558776 0.03864734299516908 0.013687600644122383
