0 0.04589371980676329 0.5897745571658615 0.09178743961352658 0.12077294685990338
0 0.9440418679549114 0.5289855072463768 0.11030595813204509 0.11835748792270531
0 0.21739130434782608 0.5503220611916264 0.1706924315619968 0.08373590982286634
0 0.8164251207729468 0.573268921095008 0.322061191626409 0.1537842190016103
0 0.6537842190016103 0.535829307568438 0.12721417069243157 0.08856682769726248
0 0.30917874396135264 0.5289855072463768 0.0821256038647343 0.05394524959742351
0 0.5841384863123994 0.5148953301127214 0.061996779388083734 0.04186795491143317
0 0.37318840579710144 0.5161030595813204 0.05555555555555555 0.03462157809983897
0 0.5615942028985508 0.5112721417069244 0.04911433172302738 0.033011272141706925
0 0.41304347826086957 0.5052334943639292 0.028985507246376812 0.02254428341384863
0 0.5418679549114331 0.5052334943639292 0.033816425120772944 0.02576489533011272
0 0.4609500805152979 0.49597423510466987 0.036231884057971016 0.013687600644122383
