0 0.5173107890499195 0.5273752012882448 0.06682769726247988 0.06360708534621579
0 0.645330112721417 0.5169082125603864 0.11191626409017713 0.05394524959742351
0 0.5905797101449275 0.5104669887278583 0.06521739130434782 0.033011272141706925
0 0.5684380032206119 0.5068438003220612 0.057971014492753624 0.024154589371980676
0 0.061191626409017714 0.5519323671497585 0.12238325281803543 0.07568438003220612
0 0.3812399355877617 0.5128824476650563 0.04589371980676329 0.029790660225442835
0 0.4428341384863124 0.5052334943639292 0.027375201288244767 0.01932367149758454
0 0.4746376811594203 0.501207729468599 0.018518518518518517 0.014492753623188406
0 0.29106280193236717 0.5185185185185185 0.06682769726247988 0.033011272141706925
0 0.3280998389694042 0.5108695652173914 0.04589371980676329 0.0322061191626409
0 0.37399355877616747 0.5068438003220612 0.036231884057971016 0.020933977455716585
0 0.4223027375201288 0.5048309178743962 0.03462157809983897 0.015297906602254429
0 0.18719806763285024 0.5161030595813204 0.071658615136876 0.033011272141706925
0 0.178743961352657 0.5108695652173914 0.07568438003220612 0.024154589371980676
