0 0.5269726247987118 0.5462962962962963 0.12318840579710146 0.11594202898550725
0 0.8816425120772947 0.5664251207729468 0.23510466988727857 0.16747181964573268
0 0.6147342995169082 0.5056360708534622 0.09259259259259259 0.04106280193236715
0 0.5760869565217391 0.501207729468599 0.05555555555555555 0.027375201288244767
0 0.5599838969404187 0.49879227053140096 0.050724637681159424 0.020933977455716585
0 0.030998389694041867 0.5410628019323671 0.061996779388083734 0.08293075684380032
0 0.48429951690821255 0.49315619967793883 0.016908212560386472 0.011272141706924315
0 0.15217391304347827 0.5293880837359098 0.12721417069243157 0.05152979066022544
0 0.32326892109500804 0.5072463768115942 0.05394524959742351 0.026570048309178744
0 0.3498389694041868 0.5020128824476651 0.03784219001610306 0.027375201288244767
0 0.3888888888888889 0.499194847020934 0.033816425120772944 0.018518518518518517
0 0.42995169082125606 0.4967793880837359 0.030595813204508857 0.013687600644122383
0 0.23550724637681159 0.5060386473429952 0.05877616747181964 0.027375201288244767
0 0.22423510466988728 0.501610305958132 0.061996779388083734 0.020128824476650563
