0 0.16747181964573268 0.5809178743961353 0.33494363929146537 0.13848631239935588
0 0.05636070853462158 0.5845410628019324 0.11272141706924316 0.13123993558776167
0 0.40942028985507245 0.5249597423510467 0.061996779388083734 0.05233494363929147
0 0.44041867954911434 0.5148953301127214 0.037037037037037035 0.0322061191626409
1 0.4533011272141707 0.5020128824476651 0.030595813204508857 0.03542673107890499
0 0.5925925925925926 0.5140901771336553 0.10305958132045089 0.040257648953301126
0 0.5752818035426731 0.5112721417069244 0.08776167471819646 0.03140096618357488
0 0.5462962962962963 0.5056360708534622 0.06360708534621579 0.026570048309178744
1 0.46980676328502413 0.49879227053140096 0.020128824476650563 0.020933977455716585
1 0.3526570048309179 0.534621578099839 0.1288244766505636 0.107085346215781
5 0.8377616747181964 0.5193236714975845 0.0748792270531401 0.07809983896940419
