0 0.9730273752012882 0.532608695652174 0.05233494363929147 0.12238325281803543
0 0.1892109500805153 0.5563607085346216 0.1964573268921095 0.09420289855072464
0 0.8397745571658615 0.5736714975845411 0.3188405797101449 0.1529790660225443
0 0.6714975845410628 0.5414653784219001 0.14653784219001612 0.0998389694041868
0 0.2971014492753623 0.5314009661835749 0.09017713365539452 0.0571658615136876
0 0.5889694041867954 0.5165056360708534 0.06682769726247988 0.04508856682769726
0 0.3679549114331723 0.5169082125603864 0.05958132045088567 0.036231884057971016
0 0.5648148148148148 0.5120772946859904 0.05233494363929147 0.03462157809983897
0 0.4106280193236715 0.5052334943639292 0.028985507246376812 0.02254428341384863
0 0.5434782608695652 0.5048309178743962 0.03542673107890499 0.026570048309178744
0 0.4561191626409018 0.4967793880837359 0.03784219001610306 0.013687600644122383
