0 0.2000805152979066 0.5821256038647343 0.2971014492753623 0.1360708534621578
0 0.3442028985507246 0.5491143317230274 0.14090177133655393 0.09259259259259259
0 0.678341384863124 0.5422705314009661 0.1247987117552335 0.10305958132045089
0 0.41304347826086957 0.5169082125603864 0.057971014492753624 0.050724637681159424
0 0.428743961352657 0.5124798711755234 0.06038647342995169 0.03542673107890499
0 0.5028180354267311 0.49074074074074076 0.05233494363929147 0.017713365539452495
0 0.6674718196457327 0.5249597423510467 0.09178743961352658 0.06521739130434782
0 0.7065217391304348 0.5112721417069244 0.0893719806763285 0.05394524959742351
0 0.644524959742351 0.49879227053140096 0.09581320450885668 0.03542673107890499
0 0.8973429951690821 0.499597423510467 0.09903381642512077 0.04186795491143317
0 0.8256843800322061 0.4927536231884058 0.08132045088566828 0.026570048309178744
