0 0.4367954911433172 0.5032206119162641 0.018518518518518517 0.016908212560386472
0 0.20853462157809985 0.5040257648953301 0.04508856682769726 0.023349436392914653
0 0.24194847020933977 0.5040257648953301 0.039452495974235106 0.018518518518518517
0 0.8329307568438004 0.5185185185185185 0.0748792270531401 0.026570048309178744
0 0.2713365539452496 0.5032206119162641 0.0322061191626409 0.016908212560386472
0 0.4496779388083736 0.5 0.016908212560386472 0.013687600644122383
0 0.4754428341384863 0.5132850241545893 0.0426731078904992 0.04186795491143317
0 0.1606280193236715 0.5076489533011272 0.05877616747181964 0.024154589371980676
5 0.7101449275362319 0.5148953301127214 0.020933977455716585 0.033816425120772944
0 0.8981481481481481 0.5189210950080515 0.061996779388083734 0.024154589371980676
