0 0.5136876006441223 0.5293880837359098 0.08695652173913043 0.0821256038647343
0 0.7254428341384863 0.535024154589372 0.18357487922705315 0.0998389694041868
0 0.5933977455716586 0.501610305958132 0.07729468599033816 0.03462157809983897
0 0.5644122383252818 0.49798711755233493 0.0499194847020934 0.024154589371980676
0 0.5511272141706924 0.49597423510466987 0.04589371980676329 0.018518518518518517
0 0.08695652173913043 0.5281803542673108 0.16747181964573268 0.07004830917874397
0 0.22302737520128824 0.5181159420289855 0.08856682769726248 0.03864734299516908
0 0.34098228663446056 0.5032206119162641 0.04428341384863124 0.023349436392914653
0 0.36312399355877617 0.499194847020934 0.0322061191626409 0.0249597423510467
0 0.3961352657004831 0.4967793880837359 0.030595813204508857 0.016908212560386472
0 0.4327697262479871 0.49557165861513686 0.02818035426731079 0.01288244766505636
0 0.26570048309178745 0.5020128824476651 0.04830917874396135 0.024154589371980676
0 0.03180354267310789 0.5213365539452496 0.06360708534621579 0.05152979066022544
