0 0.464573268921095 0.5096618357487923 0.040257648953301126 0.03140096618357488
0 0.17995169082125603 0.5833333333333334 0.35990338164251207 0.13365539452495975
0 0.34299516908212563 0.5462962962962963 0.143317230273752 0.0998389694041868
0 0.25966183574879226 0.5241545893719807 0.14090177133655393 0.06360708534621579
0 0.33735909822866345 0.5116747181964574 0.08856682769726248 0.0322061191626409
0 0.35909822866344604 0.5080515297906603 0.06924315619967794 0.03140096618357488
0 0.3856682769726248 0.5056360708534622 0.061191626409017714 0.023349436392914653
1 0.4082125603864734 0.4971819645732689 0.0499194847020934 0.024154589371980676
2 0.7781803542673108 0.499597423510467 0.3679549114331723 0.30112721417069244
0 0.5559581320450886 0.5161030595813204 0.05877616747181964 0.04589371980676329
0 0.5285829307568438 0.5076489533011272 0.039452495974235106 0.028985507246376812
2 0.5157004830917874 0.4855072463768116 0.04589371980676329 0.0571658615136876
0 0.14412238325281804 0.5128824476650563 0.09178743961352658 0.03462157809983897
0 0.464170692431562 0.5032206119162641 0.02818035426731079 0.0249597423510467
