0 0.23953301127214172 0.5740740740740741 0.3196457326892109 0.15217391304347827
0 0.8852657004830918 0.5833333333333334 0.2278582930756844 0.13365539452495975
0 0.8003220611916264 0.5700483091787439 0.3075684380032206 0.16022544283413848
0 0.9766505636070854 0.49557165861513686 0.04508856682769726 0.07085346215780998
1 0.9227053140096618 0.501207729468599 0.1529790660225443 0.09178743961352658
1 0.8293075684380032 0.49838969404186795 0.17552334943639292 0.08293075684380032
0 0.3675523349436393 0.5241545893719807 0.09259259259259259 0.061996779388083734
0 0.4057971014492754 0.5152979066022544 0.07085346215780998 0.04589371980676329
0 0.7721417069243156 0.499194847020934 0.08051529790660225 0.0426731078904992
0 0.714170692431562 0.49879227053140096 0.07407407407407407 0.03542673107890499
0 0.6839774557165862 0.4967793880837359 0.06360708534621579 0.033011272141706925
0 0.5764895330112721 0.5064412238325282 0.04669887278582931 0.036231884057971016
0 0.44847020933977455 0.5028180354267311 0.04186795491143317 0.030595813204508857
1 0.4609500805152979 0.49557165861513686 0.036231884057971016 0.0322061191626409
0 0.6159420289855072 0.49033816425120774 0.0499194847020934 0.021739130434782608
2 0.533011272141707 0.48389694041867953 0.037037037037037035 0.03784219001610306
