0 0.9557165861513688 0.5756843800322061 0.08695652173913043 0.14895330112721417
0 0.24235104669887278 0.5801127214170693 0.2431561996779388 0.13526570048309178
0 0.678743961352657 0.532608695652174 0.10305958132045089 0.07085346215780998
0 0.6388888888888888 0.5193236714975845 0.071658615136876 0.04750402576489533
0 0.4210950080515298 0.5233494363929146 0.06924315619967794 0.04911433172302738
0 0.4464573268921095 0.5157004830917874 0.04750402576489533 0.03542673107890499
0 0.6123188405797102 0.5140901771336553 0.050724637681159424 0.037037037037037035
0 0.46819645732689213 0.5092592592592593 0.03784219001610306 0.0322061191626409
0 0.500402576489533 0.5064412238325282 0.036231884057971016 0.0249597423510467
0 0.5668276972624798 0.5032206119162641 0.03864734299516908 0.018518518518518517
