0 0.49114331723027377 0.500805152979066 0.01932367149758454 0.018518518518518517
0 0.8289049919484702 0.5736714975845411 0.34057971014492755 0.1529790660225443
0 0.44806763285024154 0.5040257648953301 0.02818035426731079 0.023349436392914653
0 0.6107085346215781 0.5265700483091788 0.0861513687600644 0.06360708534621579
0 0.5764895330112721 0.5165056360708534 0.06763285024154589 0.05314009661835749
0 0.5611916264090178 0.5088566827697263 0.04669887278582931 0.04428341384863124
0 0.5402576489533011 0.5064412238325282 0.03542673107890499 0.02818035426731079
0 0.5241545893719807 0.500805152979066 0.020933977455716585 0.018518518518518517
0 0.35950080515297905 0.5044283413848631 0.04589371980676329 0.017713365539452495
0 0.29871175523349436 0.5056360708534622 0.05152979066022544 0.018518518518518517
