0 0.15217391304347827 0.5817230273752013 0.30434782608695654 0.13687600644122383
0 0.8240740740740741 0.5736714975845411 0.3502415458937198 0.1529790660225443
0 0.6525764895330113 0.5438808373590982 0.16022544283413848 0.09500805152979067
0 0.30636070853462155 0.5531400966183575 0.14895330112721417 0.0893719806763285
0 0.35990338164251207 0.5281803542673108 0.07246376811594203 0.05555555555555555
0 0.392109500805153 0.5213365539452496 0.057971014492753624 0.04186795491143317
0 0.5978260869565217 0.5221417069243156 0.0861513687600644 0.05636070853462158
0 0.573268921095008 0.5132850241545893 0.05475040257648953 0.04186795491143317
0 0.7423510466988728 0.4967793880837359 0.09017713365539452 0.04106280193236715
0 0.5277777777777778 0.5036231884057971 0.029790660225442835 0.020933977455716585
0 0.4915458937198068 0.5028180354267311 0.0249597423510467 0.014492753623188406
0 0.4665861513687601 0.5 0.029790660225442835 0.012077294685990338
5 0.4327697262479871 0.499597423510467 0.012077294685990338 0.014492753623188406
