0 0.8196457326892109 0.5801127214170693 0.35909822866344604 0.14009661835748793
0 0.15217391304347827 0.5829307568438004 0.30434782608695654 0.13446054750402575
0 0.29025764895330114 0.5527375201288245 0.13123993558776167 0.09178743961352658
0 0.35507246376811596 0.5370370370370371 0.08856682769726248 0.06038647342995169
0 0.6638486312399355 0.5479066022544283 0.15539452495974235 0.0966183574879227
0 0.6034621578099839 0.5273752012882448 0.07809983896940419 0.05877616747181964
0 0.8055555555555556 0.5024154589371981 0.11996779388083736 0.05233494363929147
0 0.533011272141707 0.5092592592592593 0.03542673107890499 0.024154589371980676
0 0.4919484702093398 0.5076489533011272 0.027375201288244767 0.01610305958132045
0 0.464170692431562 0.5044283413848631 0.033011272141706925 0.014492753623188406
5 0.41304347826086957 0.5040257648953301 0.01610305958132045 0.016908212560386472
