0 0.4963768115942029 0.5072463768115942 0.03462157809983897 0.033011272141706925
0 0.05555555555555555 0.539049919484702 0.1111111111111111 0.08051529790660225
0 0.8023349436392915 0.5495169082125604 0.20531400966183574 0.13365539452495975
0 0.7250402576489533 0.5309983896940419 0.16988727858293076 0.08695652173913043
0 0.6497584541062802 0.5217391304347826 0.1320450885668277 0.061996779388083734
0 0.6159420289855072 0.5132850241545893 0.10789049919484701 0.05475040257648953
0 0.604669887278583 0.5104669887278583 0.09822866344605476 0.0426731078904992
0 0.5881642512077294 0.5064412238325282 0.0861513687600644 0.039452495974235106
0 0.428743961352657 0.500805152979066 0.018518518518518517 0.013687600644122383
0 0.5402576489533011 0.4975845410628019 0.04508856682769726 0.016908212560386472
1 0.5314009661835749 0.49476650563607083 0.03864734299516908 0.017713365539452495
0 0.4029790660225443 0.49798711755233493 0.020128824476650563 0.014492753623188406
