0 0.5056360708534622 0.5136876006441223 0.0499194847020934 0.04106280193236715
0 0.22705314009661837 0.5559581320450886 0.2028985507246377 0.1288244766505636
0 0.2834138486312399 0.533011272141707 0.1529790660225443 0.08132045088566828
0 0.38808373590982287 0.5116747181964574 0.09822866344605476 0.040257648953301126
0 0.40901771336553944 0.5032206119162641 0.06280193236714976 0.029790660225442835
0 0.4214975845410628 0.5020128824476651 0.061996779388083734 0.027375201288244767
1 0.4557165861513688 0.4887278582930757 0.04830917874396135 0.0249597423510467
0 0.7330917874396136 0.5402576489533011 0.19082125603864733 0.11191626409017713
0 0.6364734299516909 0.5205314009661836 0.08454106280193237 0.05314009661835749
0 0.6018518518518519 0.5124798711755234 0.05877616747181964 0.03864734299516908
0 0.5861513687600645 0.5036231884057971 0.05152979066022544 0.03864734299516908
0 0.0748792270531401 0.5414653784219001 0.1497584541062802 0.08856682769726248
0 0.5044283413848631 0.499597423510467 0.029790660225442835 0.027375201288244767
0 0.1855877616747182 0.5241545893719807 0.13285024154589373 0.05877616747181964
1 0.7238325281803543 0.49476650563607083 0.0998389694041868 0.03864734299516908
