0 0.19685990338164253 0.5772946859903382 0.2632850241545894 0.1457326892109501
0 0.7721417069243156 0.570450885668277 0.3059581320450886 0.15942028985507245
0 0.6276167471819646 0.5305958132045089 0.13446054750402575 0.08132045088566828
0 0.3248792270531401 0.537842190016103 0.1247987117552335 0.0748792270531401
0 0.3671497584541063 0.5205314009661836 0.06602254428341385 0.0499194847020934
0 0.3965378421900161 0.5120772946859904 0.05394524959742351 0.03784219001610306
0 0.5865539452495975 0.5140901771336553 0.07648953301127215 0.05152979066022544
0 0.5656199677938808 0.5052334943639292 0.050724637681159424 0.03864734299516908
0 0.7270531400966184 0.48792270531400966 0.0853462157809984 0.039452495974235106
0 0.5245571658615137 0.4967793880837359 0.029790660225442835 0.020128824476650563
0 0.4891304347826087 0.49557165861513686 0.023349436392914653 0.014492753623188406
0 0.464573268921095 0.49355877616747185 0.028985507246376812 0.012077294685990338
5 0.4355877616747182 0.4943639291465378 0.01288244766505636 0.013687600644122383
