0 0.26288244766505636 0.539049919484702 0.12318840579710146 0.07085346215780998
0 0.3252818035426731 0.5245571658615137 0.07729468599033816 0.04669887278582931
0 0.35829307568438 0.5177133655394525 0.05314009661835749 0.036231884057971016
0 0.3832528180354267 0.5120772946859904 0.043478260869565216 0.02818035426731079
0 0.6916264090177133 0.49033816425120774 0.09822866344605476 0.03784219001610306
0 0.6549919484702094 0.49033816425120774 0.071658615136876 0.03140096618357488
0 0.9677938808373591 0.47061191626409016 0.06280193236714976 0.03542673107890499
0 0.9472624798711755 0.47383252818035426 0.10386473429951691 0.03542673107890499
0 0.9243156199677939 0.4758454106280193 0.11594202898550725 0.029790660225442835
0 0.894927536231884 0.4750402576489533 0.10547504025764895 0.02818035426731079
0 0.40901771336553944 0.5076489533011272 0.03542673107890499 0.02254428341384863
0 0.5539452495974235 0.501610305958132 0.03542673107890499 0.02818035426731079
