0 0.537842190016103 0.5623993558776168 0.15619967793880837 0.14653784219001612
0 0.9480676328502415 0.5676328502415459 0.10225442834138486 0.16505636070853463
0 0.6256038647342995 0.5068438003220612 0.09822866344605476 0.04508856682769726
0 0.5825281803542673 0.5024154589371981 0.05877616747181964 0.02818035426731079
0 0.5636070853462157 0.5 0.05314009661835749 0.021739130434782608
0 0.4528985507246377 0.4975845410628019 0.021739130434782608 0.015297906602254429
0 0.11755233494363929 0.53341384863124 0.14814814814814814 0.057971014492753624
0 0.49476650563607083 0.49315619967793883 0.018518518518518517 0.011272141706924315
0 0.3144122383252818 0.5088566827697263 0.05877616747181964 0.02818035426731079
0 0.3446054750402576 0.5024154589371981 0.040257648953301126 0.02818035426731079
0 0.3856682769726248 0.499597423510467 0.03542673107890499 0.01932367149758454
0 0.42995169082125606 0.4975845410628019 0.030595813204508857 0.013687600644122383
0 0.22262479871175522 0.5068438003220612 0.061996779388083734 0.028985507246376812
0 0.21296296296296297 0.5032206119162641 0.06521739130434782 0.021739130434782608
