0 0.6533816425120773 0.538244766505636 0.1570048309178744 0.11755233494363929
0 0.03784219001610306 0.5752818035426731 0.07568438003220612 0.1497584541062802
0 0.1111111111111111 0.5615942028985508 0.2222222222222222 0.12560386473429952
0 0.13365539452495975 0.5442834138486312 0.26570048309178745 0.09098228663446055
0 0.1960547504025765 0.5305958132045089 0.19082125603864733 0.07326892109500806
0 0.2745571658615137 0.5132850241545893 0.1723027375201288 0.06924315619967794
0 0.24758454106280192 0.5241545893719807 0.15217391304347827 0.06843800322061191
0 0.5962157809983897 0.5237520128824477 0.0861513687600644 0.057971014492753624
0 0.29307568438003223 0.5104669887278583 0.12077294685990338 0.05877616747181964
0 0.32930756843800324 0.5088566827697263 0.1143317230273752 0.0426731078904992
0 0.5362318840579711 0.5048309178743962 0.033816425120772944 0.026570048309178744
0 0.5680354267310789 0.5140901771336553 0.05877616747181964 0.04508856682769726
