0 0.16867954911433172 0.5736714975845411 0.250402576489533 0.13687600644122383
0 0.5684380032206119 0.5165056360708534 0.0644122383252818 0.0499194847020934
0 0.24879227053140096 0.5157004830917874 0.1111111111111111 0.04186795491143317
0 0.6396940418679549 0.535829307568438 0.10869565217391304 0.07729468599033816
0 0.5515297906602254 0.5100644122383253 0.043478260869565216 0.037037037037037035
0 0.3884863123993559 0.5136876006441223 0.04911433172302738 0.03462157809983897
0 0.40660225442834136 0.5040257648953301 0.03864734299516908 0.033011272141706925
0 0.714975845410628 0.5664251207729468 0.20611916264090177 0.1320450885668277
0 0.42351046698872785 0.5028180354267311 0.030595813204508857 0.027375201288244767
1 0.5237520128824477 0.49074074074074076 0.033011272141706925 0.03542673107890499
0 0.44041867954911434 0.500402576489533 0.017713365539452495 0.011272141706924315
