0 0.10587761674718196 0.5483091787439613 0.21175523349436393 0.11352657004830918
0 0.13768115942028986 0.5249597423510467 0.2640901771336554 0.11030595813204509
5 0.39492753623188404 0.5148953301127214 0.023349436392914653 0.04830917874396135
0 0.9343800322061192 0.5764895330112721 0.12962962962962962 0.1473429951690821
0 0.8896940418679549 0.5599838969404187 0.21900161030595813 0.12238325281803543
0 0.8152173913043478 0.5446859903381642 0.2648953301127214 0.0966183574879227
0 0.7338969404186796 0.532608695652174 0.21175523349436393 0.06924315619967794
0 0.7016908212560387 0.5205314009661836 0.16183574879227053 0.06924315619967794
0 0.3075684380032206 0.5157004830917874 0.12399355877616747 0.040257648953301126
0 0.33454106280193235 0.5116747181964574 0.10225442834138486 0.03542673107890499
0 0.5285829307568438 0.5076489533011272 0.04106280193236715 0.030595813204508857
0 0.5092592592592593 0.501207729468599 0.023349436392914653 0.01932367149758454
1 0.4915458937198068 0.4915458937198068 0.013687600644122383 0.01610305958132045
