0 0.8518518518518519 0.5764895330112721 0.2946859903381642 0.1473429951690821
0 0.32930756843800324 0.5100644122383253 0.09017713365539452 0.03542673107890499
5 0.7962962962962963 0.5152979066022544 0.09017713365539452 0.06521739130434782
0 0.5495169082125604 0.49838969404186795 0.07004830917874397 0.026570048309178744
0 0.7242351046698873 0.49516908212560384 0.07971014492753623 0.023349436392914653
1 0.9388083735909822 0.49033816425120774 0.08856682769726248 0.03140096618357488
0 0.43196457326892107 0.5032206119162641 0.0571658615136876 0.023349436392914653
0 0.213768115942029 0.5084541062801933 0.06682769726247988 0.02576489533011272
0 0.46819645732689213 0.49597423510466987 0.020128824476650563 0.013687600644122383
0 0.4392109500805153 0.4975845410628019 0.023349436392914653 0.013687600644122383
