0 0.4927536231884058 0.5132850241545893 0.04508856682769726 0.037037037037037035
0 0.19162640901771336 0.5519323671497585 0.18357487922705315 0.1143317230273752
0 0.2749597423510467 0.533011272141707 0.1537842190016103 0.07971014492753623
0 0.3534621578099839 0.5148953301127214 0.10950080515297907 0.04508856682769726
0 0.37318840579710144 0.5100644122383253 0.0861513687600644 0.040257648953301126
0 0.39533011272141705 0.5072463768115942 0.06924315619967794 0.02818035426731079
1 0.41304347826086957 0.49557165861513686 0.07890499194847021 0.04186795491143317
0 0.8405797101449275 0.5628019323671497 0.3172302737520129 0.1747181964573269
0 0.7665056360708534 0.5165056360708534 0.14170692431561996 0.05475040257648953
0 0.48993558776167473 0.5044283413848631 0.02818035426731079 0.02576489533011272
0 0.033011272141706925 0.5394524959742351 0.06602254428341385 0.09259259259259259
0 0.11312399355877617 0.533011272141707 0.16022544283413848 0.07326892109500806
1 0.9126409017713365 0.5036231884057971 0.17310789049919484 0.08051529790660225
0 0.20974235104669886 0.501207729468599 0.07326892109500806 0.033816425120772944
2 0.34339774557165864 0.4915458937198068 0.04428341384863124 0.0322061191626409
