0 0.5459307010475423 0.5060435132957293 0.0346494762288477 0.0265914585012087
0 0.5108783239323127 0.49798549556809024 0.017727639000805803 0.0136986301369863
0 0.32151490733279614 0.5269943593875906 0.10475423045930701 0.0684931506849315
0 0.16962127316680098 0.5269943593875906 0.13940370668815472 0.062046736502820304
1 0.2763900080580177 0.5088638195004029 0.06768734891216761 0.048348106365834004
0 0.4000805801772764 0.5092667203867849 0.04593070104754231 0.031426269137792104
1 0.33360193392425463 0.5040290088638195 0.05962933118452861 0.037066881547139406
0 0.42949234488315874 0.5040290088638195 0.030620467365028204 0.022562449637389202
0 0.4927477840451249 0.5028203062046737 0.028203062046736505 0.0265914585012087
0 0.3734891216760677 0.5032232070910556 0.0362610797743755 0.022562449637389202
0 0.44399677679290894 0.49879129734085415 0.016116035455278 0.0136986301369863
1 0.3835616438356164 0.4983883964544722 0.030620467365028204 0.024174053182917002
