0 0.03864734299516908 0.5752818035426731 0.07729468599033816 0.1497584541062802
0 0.1179549114331723 0.5430756843800322 0.2359098228663446 0.10305958132045089
0 0.16465378421900162 0.5217391304347826 0.24074074074074073 0.10225442834138486
5 0.40096618357487923 0.5124798711755234 0.020933977455716585 0.04508856682769726
0 0.9098228663446055 0.5752818035426731 0.178743961352657 0.1497584541062802
0 0.8727858293075684 0.5523349436392915 0.2431561996779388 0.10869565217391304
0 0.7874396135265701 0.5394524959742351 0.23993558776167473 0.08776167471819646
0 0.7181964573268921 0.5297906602254429 0.1964573268921095 0.06360708534621579
0 0.6904186795491143 0.5185185185185185 0.15217391304347827 0.06521739130434782
0 0.31521739130434784 0.5148953301127214 0.11835748792270531 0.03864734299516908
0 0.34098228663446056 0.5108695652173914 0.09742351046698873 0.033816425120772944
0 0.5281803542673108 0.5072463768115942 0.040257648953301126 0.029790660225442835
0 0.5092592592592593 0.501207729468599 0.023349436392914653 0.01932367149758454
1 0.4923510466988728 0.4919484702093398 0.013687600644122383 0.015297906602254429
