0 0.13405797101449277 0.5785024154589372 0.26811594202898553 0.143317230273752
0 0.9186795491143317 0.5817230273752013 0.1610305958132045 0.13687600644122383
0 0.28421900161030594 0.537842190016103 0.13043478260869565 0.07326892109500806
0 0.7661030595813204 0.5628019323671497 0.21980676328502416 0.12962962962962962
0 0.3442028985507246 0.5233494363929146 0.0893719806763285 0.04911433172302738
0 0.6517713365539453 0.5297906602254429 0.11835748792270531 0.0748792270531401
0 0.4210950080515298 0.5060386473429952 0.03542673107890499 0.02576489533011272
0 0.6090982286634461 0.5181159420289855 0.071658615136876 0.05152979066022544
0 0.5893719806763285 0.5104669887278583 0.0499194847020934 0.039452495974235106
0 0.5740740740740741 0.5064412238325282 0.043478260869565216 0.03140096618357488
