5 0.286231884057971 0.5543478260869565 0.071658615136876 0.11272141706924316
0 0.8993558776167472 0.5760869565217391 0.1996779388083736 0.14814814814814814
0 0.8691626409017713 0.5466988727858293 0.26006441223832527 0.14412238325281804
0 0.22061191626409019 0.5261674718196457 0.1932367149758454 0.061191626409017714
0 0.2725442834138486 0.5217391304347826 0.15056360708534622 0.050724637681159424
0 0.3103864734299517 0.5128824476650563 0.09259259259259259 0.039452495974235106
0 0.5458937198067633 0.5140901771336553 0.05958132045088567 0.043478260869565216
0 0.3615136876006441 0.5056360708534622 0.07246376811594203 0.02818035426731079
0 0.5148953301127214 0.499597423510467 0.02818035426731079 0.024154589371980676
1 0.49355877616747185 0.4887278582930757 0.014492753623188406 0.016908212560386472
