0 0.4834943639291465 0.499597423510467 0.020128824476650563 0.01932367149758454
0 0.39492753623188404 0.5209339774557166 0.06682769726247988 0.04911433172302738
0 0.8405797101449275 0.5744766505636071 0.3172302737520129 0.15136876006441224
0 0.6823671497584541 0.5547504025764896 0.1892109500805153 0.13123993558776167
0 0.6111111111111112 0.5285829307568438 0.09339774557165861 0.08373590982286634
0 0.5583735909822867 0.5132850241545893 0.05555555555555555 0.04186795491143317
0 0.5257648953301127 0.5036231884057971 0.027375201288244767 0.024154589371980676
0 0.5438808373590982 0.5084541062801933 0.04106280193236715 0.03542673107890499
0 0.3188405797101449 0.5072463768115942 0.05958132045088567 0.021739130434782608
0 0.2427536231884058 0.5080515297906603 0.06682769726247988 0.023349436392914653
0 0.5136876006441223 0.49879227053140096 0.01932367149758454 0.01610305958132045
