0 0.3115942028985507 0.5668276972624798 0.23349436392914655 0.14090177133655393
0 0.8526570048309179 0.5805152979066023 0.29307568438003223 0.1392914653784219
0 0.7544283413848631 0.57085346215781 0.23027375201288244 0.15217391304347827
0 0.964975845410628 0.49798711755233493 0.06843800322061191 0.06763285024154589
1 0.9166666666666666 0.4963768115942029 0.16505636070853463 0.08373590982286634
1 0.8156199677938808 0.500805152979066 0.15619967793880837 0.0748792270531401
0 0.39331723027375204 0.5221417069243156 0.07971014492753623 0.05636070853462158
0 0.427938808373591 0.5140901771336553 0.06682769726247988 0.04186795491143317
0 0.7177938808373591 0.501207729468599 0.071658615136876 0.033816425120772944
0 0.6924315619967794 0.5 0.061191626409017714 0.03140096618357488
0 0.5869565217391305 0.5076489533011272 0.043478260869565216 0.033816425120772944
0 0.46578099838969406 0.5028180354267311 0.039452495974235106 0.028985507246376812
1 0.4774557165861514 0.49838969404186795 0.033816425120772944 0.03140096618357488
0 0.6284219001610306 0.4927536231884058 0.04911433172302738 0.021739130434782608
2 0.5466988727858293 0.4867149758454106 0.037037037037037035 0.037037037037037035
