0 0.49516908212560384 0.5076489533011272 0.03864734299516908 0.037037037037037035
0 0.8904991948470209 0.573268921095008 0.21739130434782608 0.1537842190016103
0 0.35950080515297905 0.5108695652173914 0.04589371980676329 0.027375201288244767
0 0.645330112721417 0.5148953301127214 0.12962962962962962 0.057971014492753624
0 0.5909822866344605 0.5088566827697263 0.09339774557165861 0.03784219001610306
1 0.5543478260869565 0.4971819645732689 0.06521739130434782 0.030595813204508857
0 0.34299516908212563 0.5032206119162641 0.03864734299516908 0.023349436392914653
0 0.36272141706924316 0.499597423510467 0.029790660225442835 0.01932367149758454
0 0.40700483091787437 0.49838969404186795 0.020128824476650563 0.012077294685990338
0 0.3188405797101449 0.500805152979066 0.024154589371980676 0.016908212560386472
0 0.1388888888888889 0.5028180354267311 0.03140096618357488 0.01932367149758454
