0 0.5056360708534622 0.5120772946859904 0.0499194847020934 0.04106280193236715
0 0.11030595813204509 0.571256038647343 0.22061191626409019 0.15780998389694043
0 0.21537842190016104 0.5515297906602254 0.18438003220611915 0.11674718196457327
0 0.3687600644122383 0.5165056360708534 0.1143317230273752 0.04830917874396135
0 0.39814814814814814 0.5064412238325282 0.07004830917874397 0.03462157809983897
0 0.41264090177133655 0.5048309178743962 0.06843800322061191 0.029790660225442835
1 0.45088566827697263 0.4887278582930757 0.05152979066022544 0.026570048309178744
0 0.8417874396135265 0.5680354267310789 0.3148148148148148 0.1642512077294686
0 0.6698872785829307 0.5305958132045089 0.11272141706924316 0.06682769726247988
0 0.6199677938808373 0.5189210950080515 0.07246376811594203 0.04508856682769726
0 0.5970209339774557 0.5068438003220612 0.06038647342995169 0.043478260869565216
0 0.20853462157809985 0.5205314009661836 0.13526570048309178 0.05636070853462158
0 0.2826086956521739 0.5108695652173914 0.08373590982286634 0.040257648953301126
0 0.5036231884057971 0.49838969404186795 0.029790660225442835 0.026570048309178744
0 0.09541062801932366 0.533816425120773 0.1892109500805153 0.07809983896940419
1 0.7423510466988728 0.49597423510466987 0.10950080515297907 0.0426731078904992
0 0.12761674718196458 0.5100644122383253 0.09581320450885668 0.043478260869565216
