0 0.06239935587761675 0.5636070853462157 0.1247987117552335 0.17310789049919484
0 0.2966988727858293 0.538244766505636 0.17149758454106281 0.1111111111111111
0 0.855475040257649 0.5696457326892109 0.28743961352657005 0.1610305958132045
0 0.714170692431562 0.5503220611916264 0.15942028985507245 0.11272141706924316
0 0.5132850241545893 0.5116747181964574 0.08132045088566828 0.04669887278582931
0 0.6682769726247987 0.5245571658615137 0.07085346215780998 0.0644122383252818
1 0.8699677938808373 0.4863123993558776 0.09581320450885668 0.050724637681159424
1 0.7954911433172303 0.48792270531400966 0.0821256038647343 0.04428341384863124
0 0.5555555555555556 0.4975845410628019 0.04186795491143317 0.026570048309178744
2 0.6566022544283414 0.47705314009661837 0.03784219001610306 0.033816425120772944
