0 0.4971819645732689 0.5076489533011272 0.04106280193236715 0.03864734299516908
0 0.23349436392914655 0.533816425120773 0.11916264090177134 0.06038647342995169
0 0.7540257648953301 0.537842190016103 0.2037037037037037 0.10869565217391304
0 0.6372785829307569 0.5152979066022544 0.12640901771336555 0.05555555555555555
0 0.6187600644122383 0.5112721417069244 0.10064412238325282 0.04589371980676329
0 0.607085346215781 0.5044283413848631 0.08373590982286634 0.04186795491143317
1 0.57085346215781 0.4967793880837359 0.07729468599033816 0.03784219001610306
0 0.5555555555555556 0.499597423510467 0.05958132045088567 0.024154589371980676
0 0.538244766505636 0.49516908212560384 0.04106280193236715 0.016908212560386472
0 0.3188405797101449 0.5040257648953301 0.04830917874396135 0.02818035426731079
1 0.4323671497584541 0.48993558776167473 0.028985507246376812 0.02576489533011272
0 0.34541062801932365 0.5024154589371981 0.037037037037037035 0.023349436392914653
0 0.3671497584541063 0.501207729468599 0.028985507246376812 0.01610305958132045
0 0.4005636070853462 0.4971819645732689 0.023349436392914653 0.01288244766505636
0 0.29589371980676327 0.501610305958132 0.029790660225442835 0.020128824476650563
0 0.08252818035426732 0.5044283413848631 0.03462157809983897 0.02254428341384863
