0 0.3997584541062802 0.5040257648953301 0.06682769726247988 0.023349436392914653
0 0.5471014492753623 0.5048309178743962 0.03462157809983897 0.029790660225442835
0 0.4533011272141707 0.5088566827697263 0.033816425120772944 0.026570048309178744
0 0.3333333333333333 0.5120772946859904 0.11916264090177134 0.04106280193236715
0 0.2922705314009662 0.5237520128824477 0.1497584541062802 0.05636070853462158
0 0.24758454106280192 0.5277777777777778 0.2069243156199678 0.07246376811594203
0 0.14412238325281804 0.5314009661835749 0.2222222222222222 0.08776167471819646
0 0.12640901771336555 0.5406602254428341 0.2528180354267311 0.143317230273752
0 0.605072463768116 0.5289855072463768 0.08132045088566828 0.05394524959742351
0 0.7524154589371981 0.5809178743961353 0.27294685990338163 0.13848631239935588
