0 0.6099919419822724 0.532232070910556 0.09186140209508462 0.064464141821112
0 0.08823529411764706 0.540290088638195 0.17647058823529413 0.09347300564061241
0 0.2792103142626914 0.548348106365834 0.16035455278001612 0.09669621273166801
0 0.3827558420628525 0.5165189363416599 0.06285253827558421 0.04593070104754231
0 0.5471394037066881 0.5100725221595488 0.043513295729250605 0.033037872683319904
0 0.4089443996776793 0.5108783239323127 0.0427074939564867 0.031426269137792104
0 0.3311845286059629 0.5100725221595488 0.048348106365834004 0.028203062046736505
0 0.36865431103948426 0.5068493150684932 0.033037872683319904 0.021756647864625302
0 0.435535858178888 0.5032232070910556 0.021756647864625302 0.016116035455278
0 0.48186946011281223 0.5020145044319098 0.019339242546333603 0.018533440773569703
0 0.5132957292506044 0.5016116035455278 0.017727639000805803 0.016116035455278
0 0.5044319097502015 0.500402900886382 0.014504431909750202 0.0136986301369863
1 0.21394037066881547 0.4935535858178888 0.057211925866236905 0.030620467365028204
