0 0.6505636070853462 0.501207729468599 0.13526570048309178 0.04830917874396135
0 0.9742351046698873 0.4750402576489533 0.0499194847020934 0.036231884057971016
0 0.8631239935587761 0.4786634460547504 0.08373590982286634 0.02576489533011272
0 0.8433977455716586 0.4810789049919485 0.08132045088566828 0.024154589371980676
0 0.4106280193236715 0.5060386473429952 0.03864734299516908 0.030595813204508857
0 0.46819645732689213 0.49838969404186795 0.026570048309178744 0.021739130434782608
0 0.6505636070853462 0.48792270531400966 0.07407407407407407 0.02818035426731079
0 0.7302737520128825 0.4806763285024155 0.037037037037037035 0.021739130434782608
0 0.7600644122383253 0.4810789049919485 0.040257648953301126 0.020933977455716585
0 0.5434782608695652 0.4943639291465378 0.02576489533011272 0.018518518518518517
