0 0.492344883158743 0.5136986301369864 0.05640612409347301 0.0515713134568896
1 0.08662369057211926 0.508058017727639 0.17324738114423852 0.2852538275584206
0 0.07413376309427881 0.5515713134568896 0.14826752618855762 0.1031426269137792
0 0.20950846091861403 0.5253827558420628 0.11120064464141821 0.057211925866236905
0 0.3235294117647059 0.5294117647058824 0.11522965350523771 0.0781627719580983
0 0.298549556809025 0.5124899274778405 0.06365834004834811 0.0346494762288477
0 0.3855761482675262 0.5108783239323127 0.052377115229653506 0.0378726833199033
0 0.40854149879129736 0.5052377115229654 0.032232070910556 0.023368251410153102
0 0.4266720386784851 0.5028203062046737 0.0265914585012087 0.018533440773569703
0 0.26591458501208703 0.5108783239323127 0.05962933118452861 0.028203062046736505
