0 0.13727858293075684 0.5797101449275363 0.2745571658615137 0.14090177133655393
0 0.8534621578099839 0.5736714975845411 0.2914653784219002 0.1529790660225443
1 0.2677133655394525 0.535024154589372 0.19082125603864733 0.14653784219001612
0 0.7016908212560387 0.5547504025764896 0.2037037037037037 0.11674718196457327
0 0.6276167471819646 0.5241545893719807 0.071658615136876 0.06038647342995169
1 0.1356682769726248 0.500805152979066 0.24879227053140096 0.08776167471819646
0 0.6413043478260869 0.5088566827697263 0.0748792270531401 0.05394524959742351
1 0.5040257648953301 0.49476650563607083 0.028985507246376812 0.030595813204508857
1 0.7049114331723028 0.48993558776167473 0.12318840579710146 0.04669887278582931
0 0.40418679549114334 0.5020128824476651 0.0322061191626409 0.02254428341384863
0 0.3607085346215781 0.49798711755233493 0.040257648953301126 0.030595813204508857
