0 0.10265700483091787 0.5837359098228664 0.20531400966183574 0.13285024154589373
0 0.2995169082125604 0.5664251207729468 0.1706924315619968 0.11272141706924316
0 0.37278582930756843 0.537842190016103 0.10628019323671498 0.071658615136876
0 0.6316425120772947 0.5314009661835749 0.08454106280193237 0.07648953301127215
0 0.928341384863124 0.5422705314009661 0.14170692431561996 0.14653784219001612
0 0.41988727858293073 0.5148953301127214 0.04911433172302738 0.043478260869565216
0 0.42954911433172305 0.5148953301127214 0.05394524959742351 0.0322061191626409
0 0.43478260869565216 0.4963768115942029 0.05152979066022544 0.017713365539452495
0 0.6352657004830918 0.5189210950080515 0.07729468599033816 0.05314009661835749
0 0.6743156199677939 0.5096618357487923 0.07809983896940419 0.04589371980676329
0 0.6292270531400966 0.49879227053140096 0.0861513687600644 0.0322061191626409
0 0.8470209339774557 0.501207729468599 0.08695652173913043 0.037037037037037035
0 0.7922705314009661 0.4939613526570048 0.07246376811594203 0.024154589371980676
