0 0.6388888888888888 0.49355877616747185 0.11996779388083736 0.0426731078904992
0 0.9581320450885669 0.47705314009661837 0.0821256038647343 0.033816425120772944
0 0.9923510466988728 0.47665056360708535 0.013687600644122383 0.03784219001610306
0 0.8458132045088567 0.4786634460547504 0.07809983896940419 0.024154589371980676
0 0.8260869565217391 0.47946859903381644 0.07568438003220612 0.02254428341384863
0 0.4227053140096618 0.5032206119162641 0.03542673107890499 0.02818035426731079
0 0.47705314009661837 0.49516908212560384 0.023349436392914653 0.018518518518518517
0 0.6469404186795491 0.48389694041867953 0.07004830917874397 0.026570048309178744
0 0.7250402576489533 0.48027375201288247 0.03462157809983897 0.020933977455716585
0 0.7528180354267311 0.48027375201288247 0.03864734299516908 0.01932367149758454
0 0.5462962962962963 0.4923510466988728 0.0249597423510467 0.017713365539452495
