0 0.4754428341384863 0.5096618357487923 0.039452495974235106 0.03140096618357488
0 0.1360708534621578 0.5487117552334944 0.178743961352657 0.09500805152979067
0 0.33695652173913043 0.5547504025764896 0.1457326892109501 0.09903381642512077
0 0.39371980676328505 0.5305958132045089 0.08695652173913043 0.06521739130434782
0 0.3107890499194847 0.5140901771336553 0.11272141706924316 0.04830917874396135
1 0.41586151368760066 0.49597423510466987 0.04589371980676329 0.021739130434782608
2 0.7008856682769726 0.48993558776167473 0.2745571658615137 0.2560386473429952
0 0.5438808373590982 0.5132850241545893 0.04589371980676329 0.037037037037037035
0 0.5245571658615137 0.5068438003220612 0.033011272141706925 0.02576489533011272
2 0.5140901771336553 0.4891304347826087 0.04106280193236715 0.0499194847020934
0 0.19685990338164253 0.5068438003220612 0.07004830917874397 0.028985507246376812
0 0.4677938808373591 0.5044283413848631 0.027375201288244767 0.024154589371980676
0 0.01570048309178744 0.5189210950080515 0.03140096618357488 0.0499194847020934
