0 0.06239935587761675 0.572463768115942 0.1247987117552335 0.14251207729468598
0 0.8603059581320451 0.5511272141706924 0.2777777777777778 0.10628019323671498
0 0.15579710144927536 0.5366344605475041 0.26006441223832527 0.08695652173913043
0 0.5289855072463768 0.5036231884057971 0.02576489533011272 0.01932367149758454
0 0.394524959742351 0.5036231884057971 0.07085346215780998 0.02576489533011272
0 0.6139291465378421 0.5092592592592593 0.0861513687600644 0.0322061191626409
0 0.3361513687600644 0.5104669887278583 0.11191626409017713 0.04589371980676329
0 0.3140096618357488 0.5221417069243156 0.13526570048309178 0.0499194847020934
0 0.2427536231884058 0.5297906602254429 0.20048309178743962 0.07004830917874397
0 0.6936392914653784 0.5193236714975845 0.1247987117552335 0.050724637681159424
0 0.7258454106280193 0.5277777777777778 0.14412238325281804 0.05314009661835749
