0 0.8651368760064412 0.53341384863124 0.26811594202898553 0.1706924315619968
0 0.3103864734299517 0.5241545893719807 0.09259259259259259 0.06360708534621579
0 0.36513687600644124 0.5289855072463768 0.12640901771336555 0.0861513687600644
0 0.7302737520128825 0.48711755233494364 0.12560386473429952 0.04589371980676329
0 0.822061191626409 0.48027375201288247 0.06280193236714976 0.0322061191626409
1 0.927938808373591 0.4742351046698873 0.07648953301127215 0.03784219001610306
0 0.8582930756843801 0.48188405797101447 0.07085346215780998 0.028985507246376812
0 0.35628019323671495 0.5161030595813204 0.06843800322061191 0.04428341384863124
0 0.5519323671497585 0.49798711755233493 0.03784219001610306 0.027375201288244767
0 0.49838969404186795 0.500402576489533 0.02576489533011272 0.020933977455716585
0 0.4690016103059581 0.49033816425120774 0.02818035426731079 0.012077294685990338
