0 0.4867149758454106 0.5084541062801933 0.04589371980676329 0.037037037037037035
0 0.09259259259259259 0.5539452495974235 0.18518518518518517 0.19243156199677938
0 0.2757648953301127 0.5314009661835749 0.16666666666666666 0.07971014492753623
0 0.30636070853462155 0.5193236714975845 0.1392914653784219 0.061996779388083734
0 0.3615136876006441 0.5084541062801933 0.08695652173913043 0.037037037037037035
0 0.392914653784219 0.5032206119162641 0.07246376811594203 0.03140096618357488
1 0.7781803542673108 0.533011272141707 0.3357487922705314 0.23429951690821257
0 0.6396940418679549 0.5257648953301127 0.107085346215781 0.06521739130434782
0 0.5523349436392915 0.5040257648953301 0.037037037037037035 0.026570048309178744
1 0.5273752012882448 0.49033816425120774 0.02576489533011272 0.02818035426731079
0 0.48711755233494364 0.5 0.028985507246376812 0.026570048309178744
1 0.09380032206119163 0.5100644122383253 0.18760064412238325 0.11594202898550725
0 0.23832528180354268 0.499597423510467 0.05636070853462158 0.024154589371980676
