0 0.07809983896940419 0.5873590982286635 0.15619967793880837 0.12560386473429952
0 0.18639291465378421 0.5571658615136876 0.1682769726247987 0.09098228663446055
0 0.28743961352657005 0.534219001610306 0.10144927536231885 0.05636070853462158
0 0.8892914653784219 0.4971819645732689 0.21980676328502416 0.07729468599033816
0 0.82085346215781 0.49355877616747185 0.1360708534621578 0.06682769726247988
0 0.7689210950080515 0.4939613526570048 0.13526570048309178 0.05636070853462158
0 0.715378421900161 0.49597423510466987 0.11996779388083736 0.04589371980676329
0 0.3538647342995169 0.5193236714975845 0.06521739130434782 0.03784219001610306
0 0.5893719806763285 0.5148953301127214 0.07246376811594203 0.0499194847020934
0 0.5660225442834138 0.5084541062801933 0.0499194847020934 0.040257648953301126
