0 0.5454911433172303 0.5052334943639292 0.033011272141706925 0.024154589371980676
1 0.39170692431562 0.500402576489533 0.09259259259259259 0.037037037037037035
0 0.38687600644122383 0.5072463768115942 0.09098228663446055 0.029790660225442835
0 0.34782608695652173 0.5128824476650563 0.11916264090177134 0.04106280193236715
0 0.33494363929146537 0.5169082125603864 0.12238325281803543 0.04428341384863124
0 0.30475040257648955 0.5201288244766505 0.13123993558776167 0.05233494363929147
0 0.1972624798711755 0.532608695652174 0.18357487922705315 0.07407407407407407
0 0.14855072463768115 0.5458937198067633 0.25684380032206117 0.08776167471819646
0 0.0571658615136876 0.5789049919484702 0.1143317230273752 0.14251207729468598
0 0.8615136876006442 0.5700483091787439 0.2753623188405797 0.16022544283413848
2 0.5309983896940419 0.49476650563607083 0.033011272141706925 0.028985507246376812
