0 0.10144927536231885 0.5869565217391305 0.2028985507246377 0.12640901771336555
0 0.38164251207729466 0.5305958132045089 0.0821256038647343 0.06521739130434782
0 0.42351046698872785 0.5173107890499195 0.04508856682769726 0.03864734299516908
1 0.44082125603864736 0.501207729468599 0.03784219001610306 0.04186795491143317
0 0.11272141706924316 0.5760869565217391 0.22544283413848631 0.13687600644122383
0 0.6010466988727858 0.5169082125603864 0.1215780998389694 0.04750402576489533
0 0.5801127214170693 0.5132850241545893 0.10064412238325282 0.03542673107890499
0 0.5454911433172303 0.5060386473429952 0.07004830917874397 0.028985507246376812
1 0.45974235104669886 0.501207729468599 0.02576489533011272 0.024154589371980676
1 0.28381642512077293 0.5487117552334944 0.20853462157809985 0.1610305958132045
5 0.9770531400966184 0.5269726247987118 0.04428341384863124 0.1111111111111111
