0 0.6203703703703703 0.499194847020934 0.107085346215781 0.03784219001610306
0 0.92914653784219 0.47906602254428343 0.10789049919484701 0.03140096618357488
0 0.9677938808373591 0.4786634460547504 0.06280193236714976 0.03542673107890499
0 0.9907407407407407 0.48148148148148145 0.016908212560386472 0.03784219001610306
0 0.8152173913043478 0.48027375201288247 0.071658615136876 0.02254428341384863
0 0.8011272141706924 0.4810789049919485 0.06924315619967794 0.020933977455716585
0 0.4243156199677939 0.5036231884057971 0.0322061191626409 0.02576489533011272
0 0.47624798711755234 0.49597423510466987 0.021739130434782608 0.016908212560386472
0 0.7093397745571659 0.4810789049919485 0.0322061191626409 0.01932367149758454
0 0.7359098228663447 0.48148148148148145 0.03542673107890499 0.018518518518518517
0 0.5402576489533011 0.49315619967793883 0.024154589371980676 0.01610305958132045
