0 0.49798711755233493 0.5076489533011272 0.04750402576489533 0.03864734299516908
0 0.22987117552334943 0.5511272141706924 0.22624798711755234 0.11272141706924316
0 0.3309178743961353 0.5144927536231884 0.10628019323671498 0.05555555555555555
0 0.36231884057971014 0.5104669887278583 0.0998389694041868 0.04589371980676329
0 0.39533011272141705 0.501207729468599 0.07890499194847021 0.030595813204508857
1 0.4311594202898551 0.4895330112721417 0.06360708534621579 0.033011272141706925
0 0.8860708534621579 0.5772946859903382 0.22624798711755234 0.1457326892109501
0 0.7391304347826086 0.5479066022544283 0.18679549114331723 0.0998389694041868
0 0.6541867954911433 0.5161030595813204 0.11030595813204509 0.0748792270531401
0 0.6944444444444444 0.5020128824476651 0.10064412238325282 0.03864734299516908
0 0.0966183574879227 0.5289855072463768 0.1932367149758454 0.07809983896940419
0 0.49476650563607083 0.4967793880837359 0.02818035426731079 0.026570048309178744
0 0.19444444444444445 0.5161030595813204 0.11030595813204509 0.0571658615136876
0 0.2576489533011272 0.5100644122383253 0.08373590982286634 0.043478260869565216
1 0.8148148148148148 0.49315619967793883 0.1529790660225443 0.05636070853462158
