0 0.9955716586151369 0.5785024154589372 0.007246376811594203 0.143317230273752
0 0.6630434782608695 0.5511272141706924 0.17310789049919484 0.10950080515297907
5 0.28703703703703703 0.5418679549114331 0.05877616747181964 0.10064412238325282
0 0.2359098228663446 0.5499194847020934 0.1320450885668277 0.07971014492753623
0 0.5563607085346216 0.5237520128824477 0.09178743961352658 0.06763285024154589
0 0.2822061191626409 0.5301932367149759 0.09259259259259259 0.057971014492753624
0 0.4855072463768116 0.5128824476650563 0.04508856682769726 0.033011272141706925
0 0.34500805152979064 0.5136876006441223 0.036231884057971016 0.026570048309178744
0 0.45974235104669886 0.5084541062801933 0.028985507246376812 0.024154589371980676
5 0.3385668276972625 0.5362318840579711 0.04428341384863124 0.07971014492753623
