0 0.06159420289855073 0.5752818035426731 0.12318840579710146 0.1497584541062802
0 0.14895330112721417 0.5301932367149759 0.25442834138486314 0.10950080515297907
0 0.7246376811594203 0.5780998389694042 0.24798711755233493 0.14412238325281804
0 0.5772946859903382 0.5217391304347826 0.07085346215780998 0.05877616747181964
0 0.22061191626409019 0.534219001610306 0.178743961352657 0.07085346215780998
0 0.2725442834138486 0.5269726247987118 0.1392914653784219 0.057971014492753624
0 0.28462157809983896 0.5217391304347826 0.15217391304347827 0.05394524959742351
0 0.5531400966183575 0.5148953301127214 0.0499194847020934 0.03542673107890499
0 0.535024154589372 0.5080515297906603 0.033011272141706925 0.029790660225442835
0 0.37962962962962965 0.5060386473429952 0.0571658615136876 0.0322061191626409
