0 0.5032206119162641 0.5185185185185185 0.05314009661835749 0.050724637681159424
0 0.966988727858293 0.5632045088566827 0.0644122383252818 0.17391304347826086
0 0.6630434782608695 0.5245571658615137 0.11674718196457327 0.06602254428341385
0 0.6038647342995169 0.5128824476650563 0.09339774557165861 0.04106280193236715
0 0.06843800322061191 0.5760869565217391 0.13687600644122383 0.143317230273752
0 0.3393719806763285 0.5169082125603864 0.07326892109500806 0.0426731078904992
0 0.08132045088566828 0.5402576489533011 0.16264090177133655 0.071658615136876
0 0.1996779388083736 0.5213365539452496 0.0966183574879227 0.05475040257648953
0 0.42713365539452497 0.5052334943639292 0.03784219001610306 0.020933977455716585
0 0.4883252818035427 0.4963768115942029 0.020128824476650563 0.01610305958132045
0 0.30917874396135264 0.5108695652173914 0.06280193236714976 0.030595813204508857
0 0.38727858293075684 0.5056360708534622 0.04508856682769726 0.020128824476650563
0 0.016908212560386472 0.5148953301127214 0.033816425120772944 0.03542673107890499
0 0.5305958132045089 0.49798711755233493 0.020933977455716585 0.014492753623188406
0 0.22302737520128824 0.5108695652173914 0.07568438003220612 0.030595813204508857
