0 0.5374396135265701 0.5672302737520128 0.15861513687600645 0.1497584541062802
0 0.9681964573268921 0.57085346215781 0.061996779388083734 0.15861513687600645
0 0.6284219001610306 0.5088566827697263 0.09903381642512077 0.04589371980676329
0 0.5837359098228664 0.5028180354267311 0.05958132045088567 0.028985507246376812
0 0.5644122383252818 0.500805152979066 0.05314009661835749 0.021739130434782608
0 0.4061996779388084 0.5048309178743962 0.03462157809983897 0.021739130434782608
0 0.10829307568438003 0.535024154589372 0.1537842190016103 0.05958132045088567
0 0.46859903381642515 0.4963768115942029 0.02254428341384863 0.014492753623188406
0 0.31280193236714976 0.5096618357487923 0.05877616747181964 0.02818035426731079
0 0.3438003220611916 0.5040257648953301 0.040257648953301126 0.029790660225442835
0 0.3856682769726248 0.500805152979066 0.03542673107890499 0.020128824476650563
0 0.42995169082125606 0.49838969404186795 0.0322061191626409 0.013687600644122383
0 0.21940418679549115 0.5084541062801933 0.061996779388083734 0.028985507246376812
0 0.21014492753623187 0.5040257648953301 0.06602254428341385 0.021739130434782608
