0 0.49516908212560384 0.5080515297906603 0.03864734299516908 0.036231884057971016
0 0.9243156199677939 0.5748792270531401 0.1497584541062802 0.15056360708534622
0 0.3494363929146538 0.5128824476650563 0.0499194847020934 0.029790660225442835
0 0.6553945249597424 0.5165056360708534 0.13687600644122383 0.06280193236714976
0 0.5954106280193237 0.5100644122383253 0.09742351046698873 0.040257648953301126
0 0.5797101449275363 0.5024154589371981 0.06924315619967794 0.033011272141706925
1 0.5563607085346216 0.4967793880837359 0.06602254428341385 0.03140096618357488
0 0.5446859903381642 0.499194847020934 0.05233494363929147 0.020128824476650563
0 0.34017713365539454 0.5028180354267311 0.039452495974235106 0.024154589371980676
1 0.44484702093397743 0.49033816425120774 0.0249597423510467 0.021739130434782608
0 0.3607085346215781 0.5 0.030595813204508857 0.020128824476650563
0 0.4061996779388084 0.4975845410628019 0.020128824476650563 0.012077294685990338
0 0.31521739130434784 0.500805152979066 0.0249597423510467 0.016908212560386472
0 0.1320450885668277 0.5028180354267311 0.0322061191626409 0.01932367149758454
