0 0.4057971014492754 0.5024154589371981 0.06280193236714976 0.021739130434782608
0 0.5450885668276972 0.5028180354267311 0.0322061191626409 0.027375201288244767
0 0.4561191626409018 0.5064412238325282 0.03140096618357488 0.0249597423510467
0 0.3470209339774557 0.5100644122383253 0.10789049919484701 0.037037037037037035
0 0.3144122383252818 0.5161030595813204 0.13285024154589373 0.050724637681159424
0 0.27938808373590984 0.5233494363929146 0.178743961352657 0.06360708534621579
0 0.19685990338164253 0.5257648953301127 0.18438003220611915 0.0748792270531401
0 0.1529790660225443 0.532608695652174 0.2834138486312399 0.11594202898550725
0 0.5929951690821256 0.5229468599033816 0.07004830917874397 0.04669887278582931
0 0.6896135265700483 0.5636070853462157 0.1892109500805153 0.11352657004830918
