0 0.48792270531400966 0.5116747181964574 0.04508856682769726 0.037037037037037035
0 0.13043478260869565 0.5587761674718197 0.2608695652173913 0.18276972624798712
0 0.2995169082125604 0.5297906602254429 0.1497584541062802 0.06843800322061191
0 0.32367149758454106 0.5213365539452496 0.12721417069243157 0.05636070853462158
0 0.3695652173913043 0.5080515297906603 0.0821256038647343 0.03462157809983897
0 0.39814814814814814 0.5048309178743962 0.06843800322061191 0.029790660225442835
1 0.7206119162640902 0.5289855072463768 0.25120772946859904 0.18438003220611915
0 0.6239935587761675 0.5265700483091788 0.09339774557165861 0.05877616747181964
0 0.5503220611916264 0.5080515297906603 0.03462157809983897 0.0249597423510467
1 0.5265700483091788 0.4943639291465378 0.02576489533011272 0.026570048309178744
0 0.4887278582930757 0.5032206119162641 0.028985507246376812 0.026570048309178744
1 0.12721417069243157 0.5108695652173914 0.17713365539452497 0.10144927536231885
0 0.0607890499194847 0.5108695652173914 0.1215780998389694 0.05314009661835749
0 0.250402576489533 0.5028180354267311 0.05314009661835749 0.02254428341384863
