0 0.5 0.5052334943639292 0.04830917874396135 0.040257648953301126
0 0.26811594202898553 0.535024154589372 0.19484702093397746 0.09178743961352658
0 0.3466183574879227 0.5084541062801933 0.09742351046698873 0.0499194847020934
0 0.37318840579710144 0.5044283413848631 0.09259259259259259 0.04186795491143317
0 0.40177133655394526 0.4971819645732689 0.07407407407407407 0.028985507246376812
1 0.4359903381642512 0.48429951690821255 0.06038647342995169 0.0322061191626409
0 0.8599033816425121 0.5744766505636071 0.2785829307568438 0.15136876006441224
0 0.7045088566827697 0.534219001610306 0.1497584541062802 0.0821256038647343
0 0.6392914653784219 0.5084541062801933 0.0966183574879227 0.06763285024154589
0 0.6843800322061192 0.4967793880837359 0.09500805152979067 0.036231884057971016
0 0.0499194847020934 0.539049919484702 0.0998389694041868 0.0966183574879227
0 0.14492753623188406 0.5189210950080515 0.16264090177133655 0.06763285024154589
0 0.4963768115942029 0.49315619967793883 0.02818035426731079 0.02576489533011272
0 0.22383252818035426 0.5076489533011272 0.09500805152979067 0.05152979066022544
0 0.27375201288244766 0.501207729468599 0.07729468599033816 0.040257648953301126
1 0.8007246376811594 0.4891304347826087 0.14412238325281804 0.05314009661835749
