0 0.6904186795491143 0.5583735909822867 0.17632850241545894 0.11272141706924316
0 0.08574879227053141 0.57085346215781 0.17149758454106281 0.1457326892109501
1 0.11916264090177134 0.5450885668276972 0.23832528180354268 0.1215780998389694
0 0.22020933977455717 0.5277777777777778 0.16988727858293076 0.07407407407407407
0 0.71658615136876 0.5285829307568438 0.1610305958132045 0.05152979066022544
0 0.6827697262479872 0.5173107890499195 0.11916264090177134 0.05152979066022544
0 0.6247987117552335 0.5060386473429952 0.10466988727858294 0.040257648953301126
0 0.31561996779388085 0.499194847020934 0.11594202898550725 0.05877616747181964
1 0.5293880837359098 0.4943639291465378 0.039452495974235106 0.04106280193236715
0 0.3667471819645733 0.5020128824476651 0.08293075684380032 0.027375201288244767
0 0.3896940418679549 0.5 0.07085346215780998 0.029790660225442835
1 0.5140901771336553 0.48993558776167473 0.0249597423510467 0.028985507246376812
1 0.4311594202898551 0.48993558776167473 0.04589371980676329 0.02254428341384863
