0 0.2749597423510467 0.573268921095008 0.16666666666666666 0.11513687600644122
0 0.8458132045088567 0.5785024154589372 0.30676328502415456 0.143317230273752
0 0.6698872785829307 0.5656199677938808 0.17552334943639292 0.12077294685990338
0 0.5933977455716586 0.5402576489533011 0.09822866344605476 0.06682769726247988
0 0.3502415458937198 0.5466988727858293 0.09500805152979067 0.06360708534621579
0 0.38003220611916266 0.535024154589372 0.05475040257648953 0.04508856682769726
0 0.40177133655394526 0.5305958132045089 0.04669887278582931 0.036231884057971016
0 0.5680354267310789 0.5277777777777778 0.06360708534621579 0.04669887278582931
0 0.5519323671497585 0.5241545893719807 0.04428341384863124 0.036231884057971016
0 0.7016908212560387 0.5064412238325282 0.07648953301127215 0.036231884057971016
0 0.5169082125603864 0.5152979066022544 0.027375201288244767 0.020128824476650563
0 0.4609500805152979 0.5108695652173914 0.02818035426731079 0.01288244766505636
5 0.4420289855072464 0.5132850241545893 0.01288244766505636 0.01288244766505636
