0 0.4963768115942029 0.5060386473429952 0.03462157809983897 0.033816425120772944
0 0.9198872785829307 0.5660225442834138 0.15861513687600645 0.1682769726247987
0 0.7689210950080515 0.5527375201288245 0.21256038647342995 0.12238325281803543
0 0.6831723027375202 0.5293880837359098 0.15861513687600645 0.09017713365539452
0 0.6501610305958132 0.5193236714975845 0.1360708534621578 0.061996779388083734
0 0.6215780998389694 0.5112721417069244 0.1143317230273752 0.05394524959742351
0 0.5933977455716586 0.5056360708534622 0.0853462157809984 0.033011272141706925
0 0.40982286634460546 0.5036231884057971 0.02576489533011272 0.017713365539452495
0 0.5636070853462157 0.5 0.06280193236714976 0.0249597423510467
0 0.5462962962962963 0.49879227053140096 0.050724637681159424 0.01932367149758454
1 0.535024154589372 0.4939613526570048 0.0426731078904992 0.01932367149758454
0 0.392512077294686 0.49798711755233493 0.023349436392914653 0.01610305958132045
0 0.37077294685990336 0.4975845410628019 0.015297906602254429 0.012077294685990338
