0 0.8699677938808373 0.5776972624798712 0.2584541062801932 0.14492753623188406
0 0.7962962962962963 0.5426731078904992 0.1706924315619968 0.14895330112721417
1 0.464573268921095 0.5020128824476651 0.04186795491143317 0.04508856682769726
1 0.7620772946859904 0.48993558776167473 0.18760064412238325 0.07085346215780998
0 0.31843800322061194 0.5108695652173914 0.05877616747181964 0.033816425120772944
0 0.250805152979066 0.5052334943639292 0.071658615136876 0.04669887278582931
0 0.4029790660225443 0.49838969404186795 0.03140096618357488 0.0249597423510467
0 0.5942028985507246 0.501207729468599 0.057971014492753624 0.0322061191626409
1 0.5173107890499195 0.48389694041867953 0.02818035426731079 0.029790660225442835
0 0.6364734299516909 0.500805152979066 0.06038647342995169 0.03462157809983897
1 0.9456521739130435 0.48470209339774556 0.107085346215781 0.05394524959742351
2 0.4822866344605475 0.47946859903381644 0.028985507246376812 0.04186795491143317
0 0.13446054750402575 0.5148953301127214 0.09178743961352658 0.03542673107890499
0 0.039452495974235106 0.5169082125603864 0.07890499194847021 0.033011272141706925
