0 0.48188405797101447 0.5185185185185185 0.04750402576489533 0.039452495974235106
0 0.14452495974235105 0.5535426731078905 0.17149758454106281 0.10144927536231885
0 0.29066022544283415 0.5809178743961353 0.2109500805152979 0.1288244766505636
0 0.3679549114331723 0.5398550724637681 0.09178743961352658 0.07568438003220612
0 0.392109500805153 0.5273752012882448 0.06763285024154589 0.050724637681159424
0 0.3136070853462158 0.5237520128824477 0.09420289855072464 0.043478260869565216
0 0.44122383252818037 0.5088566827697263 0.02576489533011272 0.020128824476650563
0 0.8409822866344605 0.5813204508856683 0.3164251207729469 0.13768115942028986
0 0.6884057971014492 0.5744766505636071 0.20450885668276972 0.12560386473429952
0 0.6002415458937198 0.5318035426731079 0.0893719806763285 0.07085346215780998
0 0.5257648953301127 0.5120772946859904 0.03542673107890499 0.026570048309178744
2 0.5217391304347826 0.4939613526570048 0.043478260869565216 0.05152979066022544
0 0.20772946859903382 0.5120772946859904 0.06602254428341385 0.026570048309178744
0 0.47705314009661837 0.5108695652173914 0.029790660225442835 0.027375201288244767
0 0.08776167471819646 0.5213365539452496 0.10466988727858294 0.040257648953301126
