0 0.13768115942028986 0.5748792270531401 0.27053140096618356 0.13446054750402575
0 0.9045893719806763 0.5817230273752013 0.1892109500805153 0.13687600644122383
0 0.27938808373590984 0.539049919484702 0.13848631239935588 0.07246376811594203
0 0.7528180354267311 0.5636070853462157 0.23832528180354268 0.13446054750402575
0 0.40177133655394526 0.5092592592592593 0.043478260869565216 0.030595813204508857
0 0.6485507246376812 0.5318035426731079 0.11191626409017713 0.07407407407407407
0 0.6082930756843801 0.5201288244766505 0.06843800322061191 0.050724637681159424
0 0.5853462157809984 0.5132850241545893 0.05475040257648953 0.03864734299516908
0 0.4174718196457327 0.5072463768115942 0.039452495974235106 0.026570048309178744
0 0.5760869565217391 0.5076489533011272 0.04106280193236715 0.030595813204508857
