0 0.4943639291465378 0.5076489533011272 0.037037037037037035 0.03542673107890499
0 0.9174718196457327 0.5607890499194848 0.16344605475040258 0.178743961352657
0 0.8067632850241546 0.5547504025764896 0.2109500805152979 0.13123993558776167
0 0.7137681159420289 0.533011272141707 0.1747181964573269 0.08293075684380032
0 0.3973429951690821 0.5024154589371981 0.029790660225442835 0.018518518518518517
0 0.2210144927536232 0.5366344605475041 0.12640901771336555 0.06763285024154589
0 0.6042673107890499 0.5068438003220612 0.09903381642512077 0.04186795491143317
0 0.5700483091787439 0.5028180354267311 0.07407407407407407 0.028985507246376812
1 0.5442834138486312 0.4963768115942029 0.05636070853462158 0.02576489533011272
0 0.35909822866344604 0.49838969404186795 0.0322061191626409 0.020128824476650563
0 0.37399355877616747 0.49798711755233493 0.026570048309178744 0.017713365539452495
0 0.4110305958132045 0.49557165861513686 0.018518518518518517 0.011272141706924315
0 0.3357487922705314 0.4975845410628019 0.020933977455716585 0.015297906602254429
