0 0.49516908212560384 0.5140901771336553 0.043478260869565216 0.03542673107890499
0 0.14371980676328502 0.571256038647343 0.23429951690821257 0.14814814814814814
0 0.3136070853462158 0.5257648953301127 0.13768115942028986 0.06038647342995169
0 0.34500805152979064 0.5193236714975845 0.10547504025764895 0.05233494363929147
0 0.3780193236714976 0.5112721417069244 0.07971014492753623 0.03462157809983897
1 0.4025764895330113 0.4971819645732689 0.09017713365539452 0.0499194847020934
0 0.8635265700483091 0.5253623188405797 0.20048309178743962 0.07407407407407407
0 0.4927536231884058 0.5064412238325282 0.027375201288244767 0.0249597423510467
0 0.033816425120772944 0.5434782608695652 0.06763285024154589 0.09259259259259259
1 0.961755233494364 0.5140901771336553 0.0748792270531401 0.10466988727858294
0 0.1566022544283414 0.5100644122383253 0.09581320450885668 0.040257648953301126
0 0.21859903381642512 0.5092592592592593 0.06038647342995169 0.02576489533011272
2 0.33011272141706927 0.4939613526570048 0.0499194847020934 0.03542673107890499
