0 0.49597423510466987 0.5116747181964574 0.043478260869565216 0.03542673107890499
0 0.23027375201288244 0.5366344605475041 0.13848631239935588 0.07407407407407407
0 0.2830112721417069 0.5237520128824477 0.1280193236714976 0.0644122383252818
0 0.3393719806763285 0.5120772946859904 0.0893719806763285 0.036231884057971016
0 0.4331723027375201 0.5136876006441223 0.0499194847020934 0.036231884057971016
0 0.3892914653784219 0.5040257648953301 0.071658615136876 0.02818035426731079
0 0.6099033816425121 0.5305958132045089 0.09098228663446055 0.06521739130434782
2 0.5817230273752013 0.4855072463768116 0.08776167471819646 0.09581320450885668
2 0.5181159420289855 0.48711755233494364 0.029790660225442835 0.03784219001610306
0 0.4923510466988728 0.5020128824476651 0.02818035426731079 0.02576489533011272
0 0.20652173913043478 0.5080515297906603 0.06521739130434782 0.029790660225442835
