0 0.10305958132045089 0.5897745571658615 0.20611916264090177 0.12077294685990338
0 0.2322866344605475 0.5780998389694042 0.2890499194847021 0.14412238325281804
0 0.8264895330112721 0.5684380032206119 0.2922705314009662 0.16344605475040258
0 0.3884863123993559 0.5165056360708534 0.0748792270531401 0.0644122383252818
0 0.41183574879227053 0.5140901771336553 0.0748792270531401 0.043478260869565216
0 0.6030595813204509 0.4851046698872786 0.05475040257648953 0.017713365539452495
0 0.7330917874396136 0.5406602254428341 0.11513687600644122 0.09822866344605476
0 0.7677133655394525 0.5161030595813204 0.11030595813204509 0.071658615136876
0 0.6686795491143317 0.499194847020934 0.11352657004830918 0.0426731078904992
0 0.9605475040257649 0.5064412238325282 0.07729468599033816 0.050724637681159424
0 0.8719806763285024 0.4963768115942029 0.09178743961352658 0.030595813204508857
