0 0.10909822866344605 0.5809178743961353 0.2181964573268921 0.13848631239935588
0 0.9963768115942029 0.5877616747181964 0.005636070853462158 0.1247987117552335
0 0.23752012882447665 0.5479066022544283 0.17713365539452497 0.08856682769726248
0 0.8321256038647343 0.5748792270531401 0.33413848631239934 0.15056360708534622
0 0.392914653784219 0.5096618357487923 0.04669887278582931 0.033011272141706925
0 0.6751207729468599 0.5402576489533011 0.1392914653784219 0.0893719806763285
0 0.6207729468599034 0.5217391304347826 0.08051529790660225 0.0571658615136876
0 0.5917874396135265 0.5140901771336553 0.061191626409017714 0.04186795491143317
0 0.4106280193236715 0.5068438003220612 0.04186795491143317 0.028985507246376812
0 0.5793075684380032 0.5080515297906603 0.04428341384863124 0.033011272141706925
