0 0.15257648953301128 0.5768921095008052 0.30515297906602257 0.14653784219001612
0 0.927938808373591 0.5161030595813204 0.14251207729468598 0.08454106280193237
0 0.8353462157809984 0.5096618357487923 0.11835748792270531 0.06843800322061191
0 0.788647342995169 0.5056360708534622 0.11191626409017713 0.05555555555555555
0 0.751207729468599 0.5032206119162641 0.10628019323671498 0.04911433172302738
0 0.7250402576489533 0.5044283413848631 0.10225442834138486 0.040257648953301126
0 0.6308373590982287 0.5293880837359098 0.11030595813204509 0.0821256038647343
0 0.5913848631239935 0.5181159420289855 0.06521739130434782 0.04669887278582931
0 0.3743961352657005 0.5209339774557166 0.08695652173913043 0.05877616747181964
1 0.4086151368760064 0.5076489533011272 0.06682769726247988 0.05475040257648953
0 0.6392914653784219 0.49476650563607083 0.07407407407407407 0.0322061191626409
0 0.4416264090177134 0.5052334943639292 0.036231884057971016 0.028985507246376812
0 0.44887278582930756 0.499597423510467 0.050724637681159424 0.017713365539452495
2 0.5205314009661836 0.48429951690821255 0.04911433172302738 0.05152979066022544
