0 0.49597423510466987 0.5140901771336553 0.043478260869565216 0.03542673107890499
0 0.09742351046698873 0.5748792270531401 0.19484702093397746 0.15056360708534622
0 0.2942834138486312 0.5297906602254429 0.15056360708534622 0.06843800322061191
0 0.33132045088566825 0.5213365539452496 0.11513687600644122 0.057971014492753624
0 0.37077294685990336 0.5132850241545893 0.08454106280193237 0.037037037037037035
1 0.39814814814814814 0.4975845410628019 0.09581320450885668 0.05233494363929147
0 0.8977455716586151 0.5322061191626409 0.2028985507246377 0.08454106280193237
1 0.5253623188405797 0.4963768115942029 0.023349436392914653 0.024154589371980676
0 0.4927536231884058 0.5056360708534622 0.027375201288244767 0.0249597423510467
1 0.4190821256038647 0.5028180354267311 0.07004830917874397 0.030595813204508857
1 0.9867149758454107 0.5092592592592593 0.0249597423510467 0.10466988727858294
0 0.13285024154589373 0.5092592592592593 0.10628019323671498 0.043478260869565216
0 0.20249597423510468 0.5080515297906603 0.06521739130434782 0.026570048309178744
2 0.3248792270531401 0.4943639291465378 0.05233494363929147 0.036231884057971016
