0 0.47381144238517325 0.5044319097502015 0.0273972602739726 0.0249798549556809
0 0.02054794520547945 0.5640612409347301 0.0410958904109589 0.10233682514101532
0 0.13255439161966157 0.5846091861402095 0.26510878323932313 0.13215149073327961
0 0.17606768734891218 0.5338436744560838 0.14585012087026591 0.06768734891216761
0 0.2570507655116841 0.5201450443190975 0.0757453666398066 0.040290088638195005
0 0.34004834810636586 0.5233682514101531 0.0821917808219178 0.046736502820306204
1 0.40290088638195004 0.4975825946817083 0.048348106365834004 0.0515713134568896
0 0.4246575342465753 0.5056406124093473 0.024174053182917002 0.019339242546333603
0 0.09508460918614021 0.5221595487510072 0.136986301369863 0.055600322320709106
0 0.25825946817082995 0.5112812248186946 0.06365834004834811 0.03384367445608381
