0 0.9681964573268921 0.5752818035426731 0.061996779388083734 0.1497584541062802
0 0.07608695652173914 0.5756843800322061 0.15217391304347827 0.14895330112721417
0 0.8059581320450886 0.5692431561996779 0.3397745571658615 0.16183574879227053
1 0.6239935587761675 0.4883252818035427 0.1529790660225443 0.143317230273752
0 0.5676328502415459 0.5072463768115942 0.057971014492753624 0.05233494363929147
0 0.5527375201288245 0.5052334943639292 0.04589371980676329 0.03542673107890499
0 0.5237520128824477 0.5024154589371981 0.03140096618357488 0.0249597423510467
0 0.4005636070853462 0.5056360708534622 0.029790660225442835 0.021739130434782608
0 0.5020128824476651 0.501207729468599 0.03462157809983897 0.024154589371980676
0 0.4750402576489533 0.501207729468599 0.02576489533011272 0.01610305958132045
