0 0.4786462530217567 0.5044319097502015 0.0273972602739726 0.0249798549556809
1 0.06365834004834811 0.49959709911361805 0.12731668009669622 0.3021756647864625
0 0.058823529411764705 0.5535858178887993 0.11764705882352941 0.0991136180499597
0 0.17203867848509266 0.5290088638195004 0.1442385173247381 0.0692989524576954
0 0.3203062046736503 0.5334407735697019 0.10717163577759871 0.06688154713940371
0 0.28041901692183724 0.5181305398871877 0.07091055600322321 0.0346494762288477
0 0.3855761482675262 0.5141015310233682 0.05076551168412571 0.0346494762288477
0 0.34286865431103947 0.5088638195004029 0.0410958904109589 0.029008863819500404
0 0.40612409347300565 0.508058017727639 0.035455278001611606 0.024174053182917002
1 0.25745366639806605 0.5064464141821112 0.0652699435938759 0.038678485092667206
