0 0.6948470209339774 0.5636070853462157 0.19162640901771336 0.11674718196457327
0 0.09098228663446055 0.5672302737520128 0.1819645732689211 0.1320450885668277
0 0.1143317230273752 0.5539452495974235 0.2286634460547504 0.09742351046698873
0 0.177938808373591 0.539049919484702 0.21578099838969403 0.07890499194847021
0 0.22020933977455717 0.5301932367149759 0.17954911433172302 0.0644122383252818
0 0.2576489533011272 0.5217391304347826 0.14814814814814814 0.05877616747181964
0 0.572866344605475 0.5213365539452496 0.0748792270531401 0.0499194847020934
0 0.3353462157809984 0.5173107890499195 0.11835748792270531 0.040257648953301126
0 0.5462962962962963 0.5092592592592593 0.0426731078904992 0.028985507246376812
0 0.33816425120772947 0.5116747181964574 0.09178743961352658 0.037037037037037035
0 0.3502415458937198 0.5064412238325282 0.07568438003220612 0.03784219001610306
0 0.5237520128824477 0.499194847020934 0.0249597423510467 0.021739130434782608
