0 0.49315619967793883 0.5140901771336553 0.0426731078904992 0.03542673107890499
0 0.16264090177133655 0.5607890499194848 0.1996779388083736 0.12399355877616747
1 0.2721417069243156 0.5132850241545893 0.20611916264090177 0.14653784219001612
0 0.34098228663446056 0.5217391304347826 0.12318840579710146 0.04911433172302738
0 0.428743961352657 0.49838969404186795 0.05233494363929147 0.0249597423510467
1 0.535426731078905 0.4963768115942029 0.033816425120772944 0.0322061191626409
0 0.48993558776167473 0.5056360708534622 0.02818035426731079 0.0249597423510467
1 0.36835748792270534 0.5104669887278583 0.11835748792270531 0.05394524959742351
0 0.0285829307568438 0.5442834138486312 0.0571658615136876 0.09581320450885668
0 0.12560386473429952 0.5269726247987118 0.15780998389694043 0.07246376811594203
2 0.24798711755233493 0.4887278582930757 0.09017713365539452 0.05394524959742351
