0 0.03904991948470209 0.5861513687600645 0.07809983896940419 0.1280193236714976
0 0.29508856682769724 0.5636070853462157 0.16505636070853463 0.11352657004830918
0 0.11996779388083736 0.5744766505636071 0.23993558776167473 0.12560386473429952
5 0.8128019323671497 0.571256038647343 0.17954911433172302 0.14170692431561996
5 0.9061996779388084 0.5768921095008052 0.1859903381642512 0.14653784219001612
0 0.41586151368760066 0.5209339774557166 0.04911433172302738 0.0426731078904992
0 0.4428341384863124 0.5128824476650563 0.028985507246376812 0.026570048309178744
1 0.45209339774557167 0.5032206119162641 0.0249597423510467 0.02818035426731079
0 0.5676328502415459 0.5140901771336553 0.08695652173913043 0.033816425120772944
0 0.5563607085346216 0.5108695652173914 0.07729468599033816 0.027375201288244767
0 0.532608695652174 0.5076489533011272 0.0571658615136876 0.024154589371980676
1 0.464573268921095 0.501610305958132 0.017713365539452495 0.016908212560386472
1 0.37962962962962965 0.5261674718196457 0.08776167471819646 0.07729468599033816
