0 0.6071716357775987 0.5314262691377921 0.0894439967767929 0.06124093473005641
0 0.07373086220789686 0.5467365028203062 0.14746172441579372 0.1063658340048348
0 0.27276390008058016 0.5515713134568896 0.17002417405318293 0.10153102336825141
0 0.38114423851732476 0.5181305398871877 0.064464141821112 0.04754230459307011
0 0.5451248992747784 0.5100725221595488 0.0410958904109589 0.031426269137792104
0 0.25745366639806605 0.5209508460918614 0.0862207896857373 0.046736502820306204
0 0.4089443996776793 0.5120870265914585 0.0443190975020145 0.032232070910556
0 0.330781627719581 0.5116841257050766 0.04915390813859791 0.029814665592264304
0 0.3678485092667204 0.5076551168412571 0.033037872683319904 0.021756647864625302
0 0.43674456083803387 0.5048348106365834 0.020950846091861403 0.016116035455278
1 0.4000805801772764 0.4991941982272361 0.0249798549556809 0.019339242546333603
0 0.4830781627719581 0.5028203062046737 0.020145044319097503 0.018533440773569703
0 0.5124899274778405 0.5024174053182917 0.016116035455278 0.014504431909750202
0 0.5032232070910556 0.5016116035455278 0.015310233682514102 0.0128928283642224
1 0.04593070104754231 0.49717969379532634 0.09186140209508462 0.053988718775181306
