0 0.9508856682769726 0.5829307568438004 0.0966183574879227 0.13446054750402575
0 0.35185185185185186 0.5265700483091788 0.14492753623188406 0.1247987117552335
0 0.6513687600644122 0.5322061191626409 0.11272141706924316 0.06682769726247988
0 0.788647342995169 0.570450885668277 0.24557165861513688 0.13687600644122383
0 0.4557165861513688 0.49798711755233493 0.0322061191626409 0.028985507246376812
0 0.4053945249597424 0.5152979066022544 0.0748792270531401 0.06038647342995169
0 0.6223832528180354 0.5169082125603864 0.06924315619967794 0.04911433172302738
0 0.5901771336553945 0.5068438003220612 0.0499194847020934 0.03542673107890499
0 0.572866344605475 0.5052334943639292 0.04106280193236715 0.028985507246376812
0 0.5623993558776168 0.499194847020934 0.033011272141706925 0.023349436392914653
