0 0.43438003220611915 0.5036231884057971 0.020128824476650563 0.017713365539452495
0 0.19806763285024154 0.5044283413848631 0.04830917874396135 0.024154589371980676
0 0.23470209339774556 0.5044283413848631 0.04106280193236715 0.01932367149758454
0 0.8522544283413849 0.5201288244766505 0.07971014492753623 0.02818035426731079
0 0.26529790660225444 0.5040257648953301 0.033011272141706925 0.016908212560386472
0 0.4492753623188406 0.500402576489533 0.017713365539452495 0.014492753623188406
0 0.47705314009661837 0.5136876006441223 0.04106280193236715 0.04106280193236715
0 0.1457326892109501 0.5072463768115942 0.0644122383252818 0.0249597423510467
5 0.7177938808373591 0.5173107890499195 0.021739130434782608 0.03542673107890499
0 0.9227053140096618 0.5201288244766505 0.06602254428341385 0.026570048309178744
