0 0.30193236714975846 0.5644122383252818 0.19001610305958133 0.13768115942028986
0 0.9830917874396136 0.6107085346215781 0.0322061191626409 0.07890499194847021
0 0.7371175523349437 0.5748792270531401 0.25201288244766507 0.15056360708534622
0 0.605475040257649 0.5454911433172303 0.1143317230273752 0.08856682769726248
0 0.3719806763285024 0.5322061191626409 0.0853462157809984 0.07326892109500806
0 0.3973429951690821 0.5225442834138486 0.06521739130434782 0.04911433172302738
0 0.5656199677938808 0.5221417069243156 0.06843800322061191 0.05314009661835749
0 0.538647342995169 0.5157004830917874 0.0499194847020934 0.040257648953301126
0 0.43438003220611915 0.5088566827697263 0.033011272141706925 0.02818035426731079
0 0.44887278582930756 0.5024154589371981 0.029790660225442835 0.029790660225442835
0 0.4609500805152979 0.5028180354267311 0.026570048309178744 0.024154589371980676
