0 0.4830917874396135 0.5140901771336553 0.04669887278582931 0.037037037037037035
0 0.24838969404186795 0.5402576489533011 0.15539452495974235 0.07971014492753623
0 0.3361513687600644 0.5205314009661836 0.11513687600644122 0.05314009661835749
0 0.40096618357487923 0.5044283413848631 0.07085346215780998 0.028985507246376812
0 0.8760064412238325 0.5785024154589372 0.2463768115942029 0.143317230273752
0 0.5881642512077294 0.5177133655394525 0.06360708534621579 0.0426731078904992
1 0.538647342995169 0.49557165861513686 0.03542673107890499 0.03542673107890499
0 0.19444444444444445 0.5225442834138486 0.10547504025764895 0.04750402576489533
0 0.49315619967793883 0.5056360708534622 0.03140096618357488 0.02818035426731079
0 0.11674718196457327 0.5136876006441223 0.10305958132045089 0.036231884057971016
