0 0.49556809024979853 0.5173247381144238 0.06285253827558421 0.057211925866236905
0 0.09347300564061241 0.5733279613215149 0.18694601128122482 0.15471394037066882
0 0.17606768734891218 0.5306204673650282 0.1377921031426269 0.06124093473005641
0 0.31103948428686545 0.5318291700241741 0.11442385173247381 0.07332796132151491
0 0.3835616438356164 0.5124899274778405 0.0499597099113618 0.033037872683319904
0 0.4129734085414988 0.5056406124093473 0.0378726833199033 0.0257856567284448
0 0.17485898468976632 0.5177276390008058 0.1031426269137792 0.041901692183722805
0 0.2401289282836422 0.5112812248186946 0.06124093473005641 0.030620467365028204
1 0.34568896051571313 0.49879129734085415 0.032232070910556 0.023368251410153102
0 0.5205479452054794 0.49879129734085415 0.016116035455278 0.012087026591458501
