0 0.13848631239935588 0.5857487922705314 0.27697262479871176 0.1288244766505636
0 0.285426731078905 0.571658615136876 0.21497584541062803 0.13446054750402575
0 0.7568438003220612 0.5656199677938808 0.20450885668276972 0.1529790660225443
0 0.39895330112721417 0.5169082125603864 0.06843800322061191 0.05877616747181964
0 0.4194847020933977 0.5144927536231884 0.06924315619967794 0.04106280193236715
0 0.571256038647343 0.4883252818035427 0.05394524959742351 0.017713365539452495
0 0.7077294685990339 0.533816425120773 0.10628019323671498 0.08454106280193237
0 0.7455716586151369 0.5132850241545893 0.10305958132045089 0.0644122383252818
0 0.6618357487922706 0.5 0.10789049919484701 0.039452495974235106
0 0.9480676328502415 0.5040257648953301 0.10225442834138486 0.04750402576489533
0 0.8578904991948471 0.49597423510466987 0.08776167471819646 0.029790660225442835
