0 0.5181159420289855 0.5289855072463768 0.07004830917874397 0.06682769726247988
0 0.6417069243156199 0.5161030595813204 0.10950080515297907 0.05233494363929147
0 0.5885668276972624 0.5096618357487923 0.0644122383252818 0.03140096618357488
0 0.5676328502415459 0.5068438003220612 0.05636070853462158 0.024154589371980676
0 0.06924315619967794 0.5491143317230274 0.13848631239935588 0.07326892109500806
0 0.39331723027375204 0.5104669887278583 0.04106280193236715 0.026570048309178744
0 0.4492753623188406 0.5040257648953301 0.02576489533011272 0.018518518518518517
0 0.47906602254428343 0.500402576489533 0.017713365539452495 0.014492753623188406
0 0.29508856682769724 0.5173107890499195 0.06521739130434782 0.0322061191626409
0 0.33132045088566825 0.5104669887278583 0.04428341384863124 0.03140096618357488
0 0.37640901771336555 0.5068438003220612 0.036231884057971016 0.020933977455716585
0 0.42351046698872785 0.5044283413848631 0.033816425120772944 0.014492753623188406
0 0.19363929146537842 0.5157004830917874 0.07004830917874397 0.0322061191626409
0 0.18397745571658616 0.5100644122383253 0.07326892109500806 0.024154589371980676
