0 0.24758454106280192 0.5527375201288245 0.16022544283413848 0.10144927536231885
0 0.14492753623188406 0.5760869565217391 0.2898550724637681 0.14814814814814814
0 0.8087761674718197 0.4855072463768116 0.16666666666666666 0.05877616747181964
0 0.8993558776167472 0.48188405797101447 0.08373590982286634 0.03864734299516908
1 0.9875201288244766 0.4742351046698873 0.023349436392914653 0.04106280193236715
0 0.9432367149758454 0.48148148148148145 0.09420289855072464 0.03462157809983897
0 0.37600644122383253 0.5193236714975845 0.05958132045088567 0.039452495974235106
0 0.33413848631239934 0.5277777777777778 0.09500805152979067 0.05958132045088567
0 0.5772946859903382 0.5036231884057971 0.04669887278582931 0.0322061191626409
0 0.40096618357487923 0.5136876006441223 0.043478260869565216 0.033011272141706925
0 0.5132850241545893 0.5064412238325282 0.029790660225442835 0.023349436392914653
0 0.5873590982286635 0.501610305958132 0.07809983896940419 0.026570048309178744
0 0.5108695652173914 0.4943639291465378 0.03462157809983897 0.012077294685990338
