0 0.0785024154589372 0.605877616747182 0.1570048309178744 0.08856682769726248
0 0.8635265700483091 0.5780998389694042 0.2713365539452496 0.14412238325281804
0 0.8860708534621579 0.5273752012882448 0.22624798711755234 0.08293075684380032
0 0.34782608695652173 0.5261674718196457 0.09500805152979067 0.06280193236714976
0 0.6103059581320451 0.5245571658615137 0.08695652173913043 0.06280193236714976
1 0.38003220611916266 0.5084541062801933 0.07246376811594203 0.0644122383252818
0 0.5776972624798712 0.5152979066022544 0.07004830917874397 0.04750402576489533
1 0.25925925925925924 0.49597423510466987 0.15136876006441224 0.05555555555555555
1 0.499194847020934 0.4927536231884058 0.020933977455716585 0.023349436392914653
1 0.6501610305958132 0.4867149758454106 0.09259259259259259 0.03542673107890499
