0 0.5269726247987118 0.5088566827697263 0.033011272141706925 0.023349436392914653
0 0.36272141706924316 0.5088566827697263 0.09098228663446055 0.033011272141706925
0 0.6493558776167472 0.5173107890499195 0.11835748792270531 0.043478260869565216
0 0.25 0.5217391304347826 0.1747181964573269 0.07004830917874397
0 0.22181964573268922 0.5309983896940419 0.21336553945249598 0.07085346215780998
0 0.18276972624798712 0.5438808373590982 0.2431561996779388 0.08695652173913043
0 0.11272141706924316 0.5543478260869565 0.22544283413848631 0.10789049919484701
0 0.08856682769726248 0.5768921095008052 0.17713365539452497 0.14653784219001612
0 0.8168276972624798 0.5398550724637681 0.21980676328502416 0.08695652173913043
0 0.8808373590982287 0.5539452495974235 0.23671497584541062 0.10225442834138486
