0 0.4859098228663446 0.5084541062801933 0.04589371980676329 0.037037037037037035
0 0.24396135265700483 0.5418679549114331 0.18679549114331723 0.09420289855072464
0 0.28462157809983896 0.5253623188405797 0.1537842190016103 0.07085346215780998
0 0.3526570048309179 0.5116747181964574 0.09339774557165861 0.040257648953301126
0 0.38768115942028986 0.5040257648953301 0.07648953301127215 0.033011272141706925
1 0.8152173913043478 0.5209339774557166 0.3679549114331723 0.2584541062801932
0 0.6594202898550725 0.5322061191626409 0.12560386473429952 0.0748792270531401
0 0.5559581320450886 0.5056360708534622 0.039452495974235106 0.02818035426731079
1 0.5285829307568438 0.4915458937198068 0.02818035426731079 0.028985507246376812
0 0.4883252818035427 0.500402576489533 0.029790660225442835 0.027375201288244767
1 0.07648953301127215 0.5144927536231884 0.1529790660225443 0.13285024154589373
0 0.10990338164251208 0.5092592592592593 0.08776167471819646 0.03542673107890499
0 0.22544283413848631 0.501610305958132 0.061191626409017714 0.0249597423510467
