0 0.8904991948470209 0.5793075684380032 0.21739130434782608 0.14170692431561996
0 0.09098228663446055 0.5881642512077294 0.1819645732689211 0.12399355877616747
0 0.6574074074074074 0.5450885668276972 0.18438003220611915 0.12962962962962962
0 0.19122383252818034 0.5587761674718197 0.19243156199677938 0.10386473429951691
0 0.5221417069243156 0.5193236714975845 0.061996779388083734 0.04428341384863124
0 0.3462157809983897 0.5189210950080515 0.0499194847020934 0.033816425120772944
0 0.4867149758454106 0.5108695652173914 0.03462157809983897 0.028985507246376812
0 0.3784219001610306 0.5064412238325282 0.027375201288244767 0.020128824476650563
0 0.46819645732689213 0.5044283413848631 0.0249597423510467 0.020933977455716585
5 0.09460547504025765 0.5740740740740741 0.1892109500805153 0.15217391304347827
