0 0.09943639291465378 0.5793075684380032 0.19887278582930756 0.14170692431561996
0 0.8586956521739131 0.5744766505636071 0.2809983896940419 0.15136876006441224
0 0.28180354267310787 0.5366344605475041 0.1610305958132045 0.10950080515297907
0 0.40901771336553944 0.5173107890499195 0.08373590982286634 0.057971014492753624
0 0.6843800322061192 0.535829307568438 0.1288244766505636 0.09178743961352658
0 0.6396940418679549 0.5221417069243156 0.06682769726247988 0.057971014492753624
0 0.5366344605475041 0.5084541062801933 0.05877616747181964 0.033816425120772944
1 0.8184380032206119 0.49033816425120774 0.06682769726247988 0.039452495974235106
1 0.7624798711755234 0.48792270531400966 0.057971014492753624 0.03462157809983897
2 0.6674718196457327 0.4778582930756844 0.037037037037037035 0.0322061191626409
