0 0.7423510466988728 0.571256038647343 0.2608695652173913 0.14814814814814814
0 0.5901771336553945 0.5173107890499195 0.07729468599033816 0.0644122383252818
0 0.25161030595813205 0.5197262479871175 0.18276972624798712 0.0644122383252818
0 0.2898550724637681 0.5128824476650563 0.14009661835748793 0.05555555555555555
0 0.2946859903381642 0.5068438003220612 0.11272141706924316 0.05958132045088567
0 0.35466988727858295 0.5052334943639292 0.0893719806763285 0.033816425120772944
0 0.3723832528180354 0.5048309178743962 0.08293075684380032 0.033011272141706925
0 0.3715780998389694 0.501610305958132 0.06682769726247988 0.033011272141706925
0 0.40458937198067635 0.49114331723027377 0.0571658615136876 0.026570048309178744
5 0.4673913043478261 0.4919484702093398 0.005636070853462158 0.013687600644122383
0 0.5430756843800322 0.5028180354267311 0.036231884057971016 0.028985507246376812
0 0.5120772946859904 0.4919484702093398 0.017713365539452495 0.013687600644122383
