0 0.04589371980676329 0.5780998389694042 0.09178743961352658 0.14412238325281804
0 0.1388888888888889 0.5394524959742351 0.23752012882447665 0.08454106280193237
0 0.21940418679549115 0.5322061191626409 0.21497584541062803 0.071658615136876
0 0.24798711755233493 0.5249597423510467 0.17391304347826086 0.06038647342995169
0 0.7753623188405797 0.573268921095008 0.27053140096618356 0.1537842190016103
0 0.5821256038647343 0.5213365539452496 0.06280193236714976 0.043478260869565216
0 0.3103864734299517 0.5209339774557166 0.12318840579710146 0.050724637681159424
1 0.33132045088566825 0.5161030595813204 0.10225442834138486 0.050724637681159424
0 0.35144927536231885 0.5124798711755234 0.08293075684380032 0.03864734299516908
0 0.6316425120772947 0.5112721417069244 0.0893719806763285 0.029790660225442835
0 0.38003220611916266 0.501207729468599 0.07407407407407407 0.03864734299516908
1 0.5277777777777778 0.49597423510466987 0.02818035426731079 0.029790660225442835
0 0.4057971014492754 0.5040257648953301 0.05958132045088567 0.020128824476650563
0 0.42028985507246375 0.500805152979066 0.05314009661835749 0.021739130434782608
1 0.5165056360708534 0.49476650563607083 0.020128824476650563 0.024154589371980676
