0 0.4927536231884058 0.5092592592592593 0.043478260869565216 0.03542673107890499
1 0.06159420289855073 0.500402576489533 0.12318840579710146 0.2995169082125604
0 0.2463768115942029 0.537842190016103 0.19484702093397746 0.08293075684380032
0 0.36312399355877617 0.5076489533011272 0.10789049919484701 0.0499194847020934
0 0.3808373590982287 0.5028180354267311 0.07890499194847021 0.04508856682769726
0 0.41304347826086957 0.4971819645732689 0.061191626409017714 0.030595813204508857
1 0.5402576489533011 0.49315619967793883 0.040257648953301126 0.03864734299516908
0 0.4863123993558776 0.500805152979066 0.027375201288244767 0.0249597423510467
1 0.30877616747181963 0.5161030595813204 0.17149758454106281 0.08454106280193237
2 0.18357487922705315 0.49114331723027377 0.1288244766505636 0.07004830917874397
