0 0.2459742351046699 0.5736714975845411 0.2037037037037037 0.13043478260869565
0 0.8772141706924316 0.5768921095008052 0.24396135265700483 0.14653784219001612
0 0.7101449275362319 0.5688405797101449 0.22383252818035426 0.143317230273752
0 0.6090982286634461 0.5309983896940419 0.11352657004830918 0.07085346215780998
0 0.33816425120772947 0.5394524959742351 0.10789049919484701 0.06843800322061191
0 0.3747987117552335 0.5237520128824477 0.05877616747181964 0.04669887278582931
0 0.3993558776167472 0.5177133655394525 0.0499194847020934 0.036231884057971016
0 0.5768921095008052 0.5197262479871175 0.07004830917874397 0.04830917874396135
0 0.5579710144927537 0.5120772946859904 0.04669887278582931 0.036231884057971016
0 0.714170692431562 0.49516908212560384 0.08051529790660225 0.03784219001610306
0 0.5205314009661836 0.5024154589371981 0.02818035426731079 0.020128824476650563
0 0.46296296296296297 0.500805152979066 0.028985507246376812 0.012077294685990338
5 0.43800322061191627 0.5 0.01288244766505636 0.013687600644122383
