0 0.0853462157809984 0.5813204508856683 0.1706924315619968 0.13768115942028986
0 0.21336553945249598 0.5563607085346216 0.1932367149758454 0.10225442834138486
0 0.8627214170692431 0.5776972624798712 0.27294685990338163 0.14492753623188406
0 0.30958132045088566 0.5322061191626409 0.11352657004830918 0.061996779388083734
0 0.6996779388083736 0.5454911433172303 0.17391304347826086 0.10144927536231885
0 0.4102254428341385 0.5080515297906603 0.04106280193236715 0.02818035426731079
0 0.6292270531400966 0.5257648953301127 0.09259259259259259 0.06360708534621579
0 0.6002415458937198 0.5152979066022544 0.06038647342995169 0.04589371980676329
0 0.5805152979066023 0.5104669887278583 0.0499194847020934 0.03462157809983897
0 0.4247181964573269 0.5056360708534622 0.036231884057971016 0.0249597423510467
0 0.572866344605475 0.5068438003220612 0.03784219001610306 0.028985507246376812
