0 0.6042673107890499 0.5257648953301127 0.10547504025764895 0.08132045088566828
0 0.1143317230273752 0.5475040257648953 0.2286634460547504 0.10225442834138486
0 0.16867954911433172 0.537842190016103 0.2665056360708535 0.08293075684380032
0 0.22745571658615138 0.5305958132045089 0.1859903381642512 0.06521739130434782
0 0.3144122383252818 0.5116747181964574 0.13768115942028986 0.05636070853462158
0 0.2942834138486312 0.5177133655394525 0.11674718196457327 0.05394524959742351
0 0.572463768115942 0.5185185185185185 0.06602254428341385 0.04589371980676329
0 0.32407407407407407 0.5084541062801933 0.09742351046698873 0.04830917874396135
0 0.34903381642512077 0.5100644122383253 0.09742351046698873 0.037037037037037035
0 0.5285829307568438 0.5060386473429952 0.029790660225442835 0.024154589371980676
0 0.5535426731078905 0.5120772946859904 0.04750402576489533 0.03784219001610306
