0 0.24194847020933977 0.5809178743961353 0.2391304347826087 0.13848631239935588
0 0.09581320450885668 0.5833333333333334 0.19162640901771336 0.13365539452495975
5 0.9351851851851852 0.5780998389694042 0.1280193236714976 0.14412238325281804
0 0.41505636070853463 0.5241545893719807 0.05394524959742351 0.04750402576489533
0 0.44484702093397743 0.5152979066022544 0.033011272141706925 0.029790660225442835
1 0.4553140096618358 0.5036231884057971 0.02818035426731079 0.0322061191626409
0 0.5813204508856683 0.5152979066022544 0.09500805152979067 0.03784219001610306
0 0.5676328502415459 0.5124798711755234 0.0821256038647343 0.028985507246376812
0 0.5414653784219001 0.5072463768115942 0.06038647342995169 0.0249597423510467
1 0.4690016103059581 0.501207729468599 0.018518518518518517 0.01932367149758454
1 0.3687600644122383 0.5314009661835749 0.10628019323671498 0.09098228663446055
