0 0.4178743961352657 0.5076489533011272 0.030595813204508857 0.02576489533011272
0 0.1529790660225443 0.5048309178743962 0.061191626409017714 0.029790660225442835
0 0.20330112721417068 0.501610305958132 0.04911433172302738 0.021739130434782608
0 0.929549114331723 0.5245571658615137 0.09903381642512077 0.033816425120772944
0 0.24235104669887278 0.5028180354267311 0.040257648953301126 0.01932367149758454
0 0.44565217391304346 0.500805152979066 0.020128824476650563 0.015297906602254429
0 0.4806763285024155 0.5116747181964574 0.040257648953301126 0.040257648953301126
0 0.08011272141706924 0.5100644122383253 0.0861513687600644 0.030595813204508857
5 0.7471819645732689 0.5201288244766505 0.02576489533011272 0.039452495974235106
0 0.9855072463768116 0.5241545893719807 0.027375201288244767 0.03140096618357488
