1 0.07125603864734299 0.5430756843800322 0.14251207729468598 0.214170692431562
0 0.8812399355877617 0.5772946859903382 0.2359098228663446 0.1457326892109501
0 0.7407407407407407 0.5632045088566827 0.1932367149758454 0.13365539452495975
1 0.043478260869565216 0.5116747181964574 0.08695652173913043 0.15458937198067632
0 0.6908212560386473 0.5132850241545893 0.10305958132045089 0.08856682769726248
1 0.48711755233494364 0.4975845410628019 0.03542673107890499 0.03784219001610306
1 0.7383252818035426 0.4826892109500805 0.15780998389694043 0.05958132045088567
0 0.36191626409017713 0.5040257648953301 0.04589371980676329 0.02818035426731079
0 0.30676328502415456 0.49879227053140096 0.05475040257648953 0.03864734299516908
0 0.5978260869565217 0.4971819645732689 0.04911433172302738 0.027375201288244767
1 0.53341384863124 0.48188405797101447 0.0249597423510467 0.027375201288244767
0 0.6348631239935588 0.49516908212560384 0.050724637681159424 0.029790660225442835
2 0.501610305958132 0.4782608695652174 0.024154589371980676 0.03784219001610306
0 0.20893719806763286 0.5044283413848631 0.06843800322061191 0.028985507246376812
0 0.13043478260869565 0.5060386473429952 0.061191626409017714 0.02576489533011272
