0 0.5036231884057971 0.5269726247987118 0.06360708534621579 0.05314009661835749
0 0.17552334943639292 0.5185185185185185 0.10466988727858294 0.04750402576489533
5 0.7995169082125604 0.5273752012882448 0.12077294685990338 0.08454106280193237
1 0.5885668276972624 0.5052334943639292 0.07085346215780998 0.06763285024154589
1 0.2749597423510467 0.5044283413848631 0.05877616747181964 0.03542673107890499
0 0.36513687600644124 0.5112721417069244 0.09098228663446055 0.04428341384863124
0 0.39371980676328505 0.5100644122383253 0.08051529790660225 0.030595813204508857
0 0.4170692431561997 0.5056360708534622 0.057971014492753624 0.0249597423510467
0 0.43760064412238325 0.5 0.0426731078904992 0.016908212560386472
0 0.5591787439613527 0.5068438003220612 0.039452495974235106 0.027375201288244767
0 0.48429951690821255 0.5108695652173914 0.03462157809983897 0.0322061191626409
0 0.2822061191626409 0.501610305958132 0.04911433172302738 0.021739130434782608
