0 0.06320450885668277 0.5889694041867954 0.12640901771336555 0.12238325281803543
0 0.17351046698872785 0.5595813204508857 0.19082125603864733 0.09581320450885668
0 0.27334943639291465 0.5370370370370371 0.10225442834138486 0.061996779388083734
0 0.33011272141706927 0.5249597423510467 0.07246376811594203 0.0426731078904992
0 0.785426731078905 0.4939613526570048 0.15539452495974235 0.05636070853462158
0 0.7447665056360708 0.49074074074074076 0.0998389694041868 0.05152979066022544
0 0.712157809983897 0.49315619967793883 0.10386473429951691 0.04508856682769726
0 0.9778582930756844 0.4694041867954911 0.0426731078904992 0.03784219001610306
0 0.6723027375201288 0.4943639291465378 0.09500805152979067 0.03784219001610306
0 0.3743961352657005 0.5157004830917874 0.0499194847020934 0.030595813204508857
0 0.5684380032206119 0.5088566827697263 0.05314009661835749 0.039452495974235106
0 0.5535426731078905 0.5056360708534622 0.039452495974235106 0.033011272141706925
