0 0.4782433521353747 0.5036261079774376 0.0346494762288477 0.031426269137792104
0 0.09709911361804996 0.5842062852538276 0.19419822723609992 0.13295729250604352
0 0.08742949234488316 0.5378726833199033 0.17485898468976632 0.07735697018533441
0 0.24818694601128122 0.5366639806607575 0.14826752618855762 0.08138597904915391
1 0.26591458501208703 0.5104754230459307 0.0821917808219178 0.0515713134568896
1 0.3851732473811442 0.5 0.064464141821112 0.06124093473005641
0 0.31103948428686545 0.5104754230459307 0.048348106365834004 0.029008863819500404
0 0.4145850120870266 0.500402900886382 0.033037872683319904 0.0265914585012087
0 0.42707493956486703 0.500402900886382 0.022562449637389202 0.016921837228041903
1 0.43795326349717967 0.4927477840451249 0.021756647864625302 0.024174053182917002
0 0.18331990330378728 0.515713134568896 0.09427880741337631 0.0410958904109589
