0 0.13083735909822866 0.5551529790660226 0.2616747181964573 0.11755233494363929
0 0.6686795491143317 0.5426731078904992 0.12640901771336555 0.0861513687600644
0 0.250402576489533 0.5281803542673108 0.18035426731078905 0.05877616747181964
0 0.32004830917874394 0.5165056360708534 0.11352657004830918 0.043478260869565216
0 0.34782608695652173 0.5148953301127214 0.11594202898550725 0.040257648953301126
0 0.35466988727858295 0.5124798711755234 0.10225442834138486 0.037037037037037035
0 0.6179549114331723 0.5249597423510467 0.08132045088566828 0.06360708534621579
0 0.5672302737520128 0.5120772946859904 0.039452495974235106 0.029790660225442835
0 0.3864734299516908 0.5112721417069244 0.07729468599033816 0.033011272141706925
1 0.5362318840579711 0.49597423510466987 0.02254428341384863 0.0249597423510467
0 0.43719806763285024 0.501207729468599 0.04830917874396135 0.01610305958132045
