0 0.4307568438003221 0.5056360708534622 0.02254428341384863 0.020128824476650563
0 0.18518518518518517 0.5048309178743962 0.05152979066022544 0.026570048309178744
0 0.22544283413848631 0.5048309178743962 0.043478260869565216 0.020128824476650563
0 0.8747987117552335 0.5217391304347826 0.08454106280193237 0.029790660225442835
0 0.25885668276972623 0.5044283413848631 0.036231884057971016 0.017713365539452495
0 0.44847020933977455 0.500402576489533 0.017713365539452495 0.014492753623188406
0 0.4786634460547504 0.5136876006441223 0.04106280193236715 0.04106280193236715
0 0.12640901771336555 0.5080515297906603 0.07085346215780998 0.026570048309178744
5 0.7270531400966184 0.5181159420289855 0.02254428341384863 0.037037037037037035
0 0.9496779388083736 0.5213365539452496 0.071658615136876 0.027375201288244767
