0 0.8876811594202898 0.5599838969404187 0.22302737520128824 0.18035426731078905
0 0.08977455716586151 0.5861513687600645 0.17954911433172302 0.1280193236714976
0 0.5974235104669887 0.5297906602254429 0.10144927536231885 0.06843800322061191
0 0.35507246376811596 0.5245571658615137 0.06763285024154589 0.04508856682769726
0 0.5410628019323671 0.5148953301127214 0.04669887278582931 0.037037037037037035
0 0.39049919484702095 0.5136876006441223 0.04669887278582931 0.036231884057971016
0 0.41183574879227053 0.5084541062801933 0.02818035426731079 0.02254428341384863
5 0.4561191626409018 0.501207729468599 0.005636070853462158 0.014492753623188406
5 0.4617552334943639 0.501610305958132 0.005636070853462158 0.013687600644122383
0 0.5157004830917874 0.5064412238325282 0.02818035426731079 0.0249597423510467
