0 0.49557165861513686 0.5076489533011272 0.03462157809983897 0.0322061191626409
0 0.03140096618357488 0.5422705314009661 0.06280193236714976 0.07246376811594203
0 0.11956521739130435 0.5285829307568438 0.15539452495974235 0.06280193236714976
0 0.6964573268921095 0.5261674718196457 0.14492753623188406 0.08051529790660225
0 0.6630434782608695 0.5185185185185185 0.12962962962962962 0.06038647342995169
0 0.6135265700483091 0.5157004830917874 0.10628019323671498 0.04669887278582931
0 0.5929951690821256 0.5084541062801933 0.09098228663446055 0.043478260869565216
0 0.5869565217391305 0.5072463768115942 0.08373590982286634 0.03462157809983897
0 0.5736714975845411 0.5048309178743962 0.0748792270531401 0.033011272141706925
0 0.4363929146537842 0.5 0.01610305958132045 0.012077294685990338
0 0.5374396135265701 0.4975845410628019 0.04106280193236715 0.015297906602254429
1 0.5289855072463768 0.49516908212560384 0.037037037037037035 0.016908212560386472
0 0.4082125603864734 0.49838969404186795 0.01932367149758454 0.013687600644122383
