0 0.4371474617244158 0.5028203062046737 0.018533440773569703 0.0136986301369863
0 0.5068493150684932 0.5229653505237711 0.07735697018533441 0.060435132957292505
0 0.12489927477840451 0.5576148267526189 0.20467365028203063 0.10233682514101532
1 0.07937147461724416 0.5229653505237711 0.1587429492344883 0.08138597904915391
0 0.2510072522159549 0.5294117647058824 0.09750201450443191 0.057211925866236905
0 0.40934730056406127 0.5128928283642225 0.040290088638195005 0.037066881547139406
0 0.29572925060435135 0.515310233682514 0.06124093473005641 0.037066881547139406
0 0.2191780821917808 0.515310233682514 0.072522159548751 0.037066881547139406
0 0.3356164383561644 0.508058017727639 0.0346494762288477 0.024174053182917002
1 0.25543916196615635 0.5040290088638195 0.0531829170024174 0.035455278001611606
0 0.346897663174859 0.5056406124093473 0.0265914585012087 0.019339242546333603
1 0.3654311039484287 0.4975825946817083 0.021756647864625302 0.0257856567284448
