0 0.6876006441223832 0.5422705314009661 0.15942028985507245 0.10305958132045089
0 0.4086151368760064 0.5136876006441223 0.06360708534621579 0.061996779388083734
0 0.25925925925925924 0.5748792270531401 0.1964573268921095 0.13446054750402575
0 0.07890499194847021 0.5885668276972624 0.15780998389694043 0.12318840579710146
0 0.5817230273752013 0.5157004830917874 0.05555555555555555 0.03864734299516908
0 0.6163446054750402 0.5225442834138486 0.07648953301127215 0.05394524959742351
0 0.4573268921095008 0.500402576489533 0.02576489533011272 0.02254428341384863
0 0.57085346215781 0.5092592592592593 0.040257648953301126 0.0322061191626409
0 0.5587761674718197 0.5060386473429952 0.0322061191626409 0.02576489533011272
0 0.5491143317230274 0.5036231884057971 0.027375201288244767 0.02254428341384863
