0 0.05314009661835749 0.5869565217391305 0.10628019323671498 0.12640901771336555
0 0.6030595813204509 0.5265700483091788 0.0966183574879227 0.07004830917874397
0 0.16867954911433172 0.5241545893719807 0.1537842190016103 0.05555555555555555
0 0.7624798711755234 0.5744766505636071 0.24798711755233493 0.15136876006441224
0 0.571658615136876 0.5136876006441223 0.057971014492753624 0.04750402576489533
0 0.36594202898550726 0.5177133655394525 0.06521739130434782 0.04428341384863124
0 0.39170692431562 0.5088566827697263 0.04911433172302738 0.04106280193236715
0 0.5454911433172303 0.5064412238325282 0.039452495974235106 0.033011272141706925
0 0.8788244766505636 0.5797101449275363 0.24074074074074073 0.14090177133655393
0 0.4138486312399356 0.5084541062801933 0.037037037037037035 0.0322061191626409
1 0.5305958132045089 0.4895330112721417 0.03864734299516908 0.04106280193236715
0 0.4392109500805153 0.500805152979066 0.018518518518518517 0.012077294685990338
