0 0.49516908212560384 0.5068438003220612 0.03542673107890499 0.033816425120772944
0 0.9066022544283414 0.5628019323671497 0.18518518518518517 0.1747181964573269
0 0.7765700483091788 0.5567632850241546 0.22946859903381642 0.13365539452495975
0 0.6988727858293076 0.5285829307568438 0.1723027375201288 0.09339774557165861
0 0.6614331723027376 0.5217391304347826 0.12318840579710146 0.061996779388083734
0 0.6296296296296297 0.5136876006441223 0.11594202898550725 0.04750402576489533
0 0.42351046698872785 0.499597423510467 0.01932367149758454 0.01288244766505636
0 0.3639291465378422 0.5116747181964574 0.04508856682769726 0.028985507246376812
0 0.5789049919484702 0.5036231884057971 0.07729468599033816 0.030595813204508857
0 0.5563607085346216 0.500805152979066 0.061191626409017714 0.023349436392914653
1 0.538647342995169 0.49516908212560384 0.04830917874396135 0.021739130434782608
0 0.3776167471819646 0.499597423510467 0.027375201288244767 0.017713365539452495
0 0.355475040257649 0.49838969404186795 0.016908212560386472 0.013687600644122383
