0 0.15539452495974235 0.5640096618357487 0.23027375201288244 0.10628019323671498
0 0.856682769726248 0.5736714975845411 0.28502415458937197 0.1529790660225443
0 0.6940418679549114 0.5487117552334944 0.1723027375201288 0.11272141706924316
0 0.2830112721417069 0.533816425120773 0.09903381642512077 0.061996779388083734
0 0.5946054750402576 0.5185185185185185 0.071658615136876 0.04750402576489533
0 0.36272141706924316 0.5177133655394525 0.06360708534621579 0.03784219001610306
0 0.5684380032206119 0.5128824476650563 0.05475040257648953 0.036231884057971016
0 0.4086151368760064 0.5052334943639292 0.029790660225442835 0.024154589371980676
0 0.5446859903381642 0.5036231884057971 0.036231884057971016 0.027375201288244767
0 0.45088566827697263 0.4967793880837359 0.040257648953301126 0.013687600644122383
