0 0.8752012882447665 0.5865539452495975 0.24798711755233493 0.12721417069243157
0 0.3663446054750403 0.5209339774557166 0.0644122383252818 0.04911433172302738
0 0.10990338164251208 0.5821256038647343 0.21980676328502416 0.1360708534621578
0 0.7363123993558777 0.5764895330112721 0.2278582930756844 0.1473429951690821
0 0.6014492753623188 0.5289855072463768 0.09339774557165861 0.06682769726247988
0 0.5583735909822867 0.5197262479871175 0.06682769726247988 0.0499194847020934
0 0.535426731078905 0.5140901771336553 0.0499194847020934 0.03542673107890499
0 0.3892914653784219 0.5148953301127214 0.04911433172302738 0.03542673107890499
0 0.4082125603864734 0.5084541062801933 0.0322061191626409 0.024154589371980676
0 0.6384863123993558 0.4975845410628019 0.05636070853462158 0.02818035426731079
