0 0.07246376811594203 0.5833333333333334 0.14492753623188406 0.13365539452495975
0 0.9545088566827697 0.48470209339774556 0.0893719806763285 0.10386473429951691
0 0.3393719806763285 0.535024154589372 0.10225442834138486 0.06280193236714976
0 0.22624798711755234 0.5636070853462157 0.22383252818035426 0.12318840579710146
0 0.6368760064412239 0.5096618357487923 0.07568438003220612 0.04589371980676329
0 0.3892914653784219 0.5189210950080515 0.06521739130434782 0.04508856682769726
0 0.4223027375201288 0.5140901771336553 0.04106280193236715 0.0322061191626409
0 0.4335748792270531 0.5108695652173914 0.036231884057971016 0.027375201288244767
0 0.5406602254428341 0.5076489533011272 0.036231884057971016 0.030595813204508857
0 0.644122383252818 0.5032206119162641 0.10628019323671498 0.036231884057971016
0 0.5567632850241546 0.5064412238325282 0.0426731078904992 0.0249597423510467
0 0.5809178743961353 0.5036231884057971 0.04428341384863124 0.024154589371980676
0 0.5696457326892109 0.4919484702093398 0.036231884057971016 0.010466988727858293
0 0.47302737520128824 0.49355877616747185 0.03140096618357488 0.010466988727858293
