0 0.5080515297906603 0.5253623188405797 0.0644122383252818 0.05314009661835749
0 0.213768115942029 0.5185185185185185 0.0861513687600644 0.0426731078904992
5 0.7427536231884058 0.5213365539452496 0.09420289855072464 0.06763285024154589
1 0.5756843800322061 0.5064412238325282 0.05958132045088567 0.05877616747181964
1 0.3003220611916264 0.5060386473429952 0.04830917874396135 0.030595813204508857
0 0.3788244766505636 0.5132850241545893 0.08132045088566828 0.03864734299516908
0 0.40217391304347827 0.5100644122383253 0.0748792270531401 0.027375201288244767
0 0.4219001610305958 0.5072463768115942 0.05475040257648953 0.023349436392914653
0 0.44122383252818037 0.5020128824476651 0.040257648953301126 0.01610305958132045
0 0.48389694041867953 0.5108695652173914 0.03542673107890499 0.0322061191626409
0 0.2946859903381642 0.5032206119162641 0.04508856682769726 0.020128824476650563
