0 0.4939613526570048 0.5140901771336553 0.04428341384863124 0.037037037037037035
0 0.07769726247987117 0.5575684380032206 0.15539452495974235 0.18518518518518517
0 0.17351046698872785 0.5563607085346216 0.19887278582930756 0.16505636070853463
0 0.30676328502415456 0.5269726247987118 0.12721417069243157 0.061191626409017714
0 0.3506441223832528 0.5152979066022544 0.11191626409017713 0.06038647342995169
0 0.38486312399355876 0.5144927536231884 0.08856682769726248 0.03462157809983897
0 0.4227053140096618 0.5032206119162641 0.0499194847020934 0.021739130434782608
1 0.5877616747181964 0.5064412238325282 0.08373590982286634 0.071658615136876
0 0.535426731078905 0.5040257648953301 0.02254428341384863 0.018518518518518517
0 0.48752012882447665 0.5048309178743962 0.02818035426731079 0.0249597423510467
1 0.2890499194847021 0.5080515297906603 0.07085346215780998 0.05233494363929147
