0 0.11231884057971014 0.5599838969404187 0.2246376811594203 0.143317230273752
1 0.15056360708534622 0.4927536231884058 0.30112721417069244 0.1956521739130435
0 0.8196457326892109 0.5776972624798712 0.35909822866344604 0.14492753623188406
0 0.8619162640901772 0.5454911433172303 0.2391304347826087 0.08856682769726248
0 0.7407407407407407 0.5289855072463768 0.20450885668276972 0.06360708534621579
0 0.2713365539452496 0.5169082125603864 0.16264090177133655 0.0571658615136876
0 0.5241545893719807 0.5028180354267311 0.02254428341384863 0.01610305958132045
0 0.4074074074074074 0.500402576489533 0.061191626409017714 0.02254428341384863
0 0.5933977455716586 0.5064412238325282 0.07085346215780998 0.026570048309178744
0 0.357085346215781 0.5112721417069244 0.10225442834138486 0.03784219001610306
0 0.3148148148148148 0.5132850241545893 0.13526570048309178 0.04830917874396135
0 0.6473429951690821 0.5132850241545893 0.09339774557165861 0.03864734299516908
0 0.6662640901771336 0.5161030595813204 0.10386473429951691 0.039452495974235106
