0 0.46333601933924257 0.5032232070910556 0.017727639000805803 0.014504431909750202
0 0.08299758259468171 0.5769540692989524 0.16599516518936341 0.14746172441579372
0 0.565269943593876 0.5314262691377921 0.10233682514101532 0.07413376309427881
0 0.24979854955680902 0.5362610797743755 0.11925866236905722 0.06768734891216761
1 0.15995165189363417 0.5181305398871877 0.13456889605157132 0.0684931506849315
0 0.3174858984689766 0.5221595487510072 0.0692989524576954 0.0443190975020145
0 0.4391619661563255 0.5116841257050766 0.037066881547139406 0.0346494762288477
0 0.34125705076551166 0.5124899274778405 0.04915390813859791 0.031426269137792104
0 0.26510878323932313 0.5132957292506044 0.06124093473005641 0.033037872683319904
0 0.3698630136986301 0.5076551168412571 0.029008863819500404 0.021756647864625302
1 0.2961321514907333 0.5040290088638195 0.04593070104754231 0.032232070910556
0 0.379129734085415 0.5040290088638195 0.023368251410153102 0.017727639000805803
1 0.3928283642224013 0.4975825946817083 0.018533440773569703 0.024174053182917002
