0 0.49516908212560384 0.5076489533011272 0.03542673107890499 0.033816425120772944
0 0.964573268921095 0.5623993558776168 0.06924315619967794 0.17552334943639292
0 0.8148148148148148 0.57085346215781 0.25442834138486314 0.15861513687600645
0 0.7194041867954911 0.533816425120773 0.18760064412238325 0.10547504025764895
0 0.6735104669887279 0.5245571658615137 0.13123993558776167 0.06763285024154589
0 0.6372785829307569 0.5152979066022544 0.1215780998389694 0.050724637681159424
0 0.42069243156199676 0.5 0.020128824476650563 0.013687600644122383
0 0.3534621578099839 0.5132850241545893 0.0499194847020934 0.0322061191626409
0 0.5817230273752013 0.5044283413848631 0.07971014492753623 0.0322061191626409
0 0.5579710144927537 0.501207729468599 0.06280193236714976 0.024154589371980676
1 0.5394524959742351 0.49557165861513686 0.0499194847020934 0.02254428341384863
0 0.3752012882447665 0.499597423510467 0.027375201288244767 0.017713365539452495
0 0.3526570048309179 0.49838969404186795 0.017713365539452495 0.013687600644122383
