0 0.4717969379532635 0.5092667203867849 0.0378726833199033 0.0346494762288477
0 0.035052377115229655 0.5523771152296535 0.07010475423045931 0.11925866236905722
0 0.29814665592264306 0.548348106365834 0.16921837228041903 0.11120064464141821
0 0.21031426269137793 0.5273972602739726 0.11442385173247381 0.05640612409347301
0 0.06970185334407736 0.5265914585012087 0.13940370668815472 0.05801772763900081
0 0.39161966156325545 0.5145044319097501 0.0547945205479452 0.038678485092667206
0 0.354552780016116 0.508460918614021 0.040290088638195005 0.0249798549556809
0 0.4246575342465753 0.5076551168412571 0.03384367445608381 0.023368251410153102
1 0.4403706688154714 0.4935535858178888 0.020145044319097503 0.024174053182917002
0 0.19379532634971797 0.515713134568896 0.08299758259468171 0.0394842868654311
