0 0.821256038647343 0.571658615136876 0.355877616747182 0.1570048309178744
0 0.6477455716586151 0.5318035426731079 0.12962962962962962 0.09339774557165861
0 0.2665056360708535 0.5507246376811594 0.14653784219001612 0.0893719806763285
0 0.34098228663446056 0.5241545893719807 0.0861513687600644 0.06521739130434782
0 0.5768921095008052 0.5128824476650563 0.06521739130434782 0.04911433172302738
0 0.38405797101449274 0.5189210950080515 0.057971014492753624 0.04669887278582931
0 0.5615942028985508 0.5076489533011272 0.05394524959742351 0.03542673107890499
1 0.5450885668276972 0.4939613526570048 0.05152979066022544 0.05314009661835749
0 0.5132850241545893 0.499194847020934 0.020128824476650563 0.015297906602254429
0 0.4331723027375201 0.5028180354267311 0.020933977455716585 0.014492753623188406
