0 0.49597423510466987 0.5056360708534622 0.03542673107890499 0.033011272141706925
0 0.8880837359098228 0.573268921095008 0.2222222222222222 0.1537842190016103
0 0.750402576489533 0.5475040257648953 0.20128824476650564 0.13123993558776167
0 0.6876006441223832 0.5285829307568438 0.16586151368760063 0.08051529790660225
0 0.6457326892109501 0.5165056360708534 0.13365539452495975 0.06602254428341385
0 0.6247987117552335 0.5136876006441223 0.09822866344605476 0.04750402576489533
0 0.605877616747182 0.5076489533011272 0.09581320450885668 0.03864734299516908
0 0.4331723027375201 0.4963768115942029 0.01610305958132045 0.011272141706924315
0 0.394122383252818 0.5056360708534622 0.03140096618357488 0.021739130434782608
0 0.5700483091787439 0.500402576489533 0.06763285024154589 0.027375201288244767
0 0.5499194847020934 0.49879227053140096 0.05475040257648953 0.020933977455716585
1 0.5366344605475041 0.49476650563607083 0.04428341384863124 0.020933977455716585
0 0.3864734299516908 0.49838969404186795 0.024154589371980676 0.016908212560386472
0 0.3647342995169082 0.4963768115942029 0.01610305958132045 0.01288244766505636
