0 0.4939613526570048 0.5068438003220612 0.03784219001610306 0.03542673107890499
0 0.9162640901771336 0.5696457326892109 0.16586151368760063 0.1610305958132045
0 0.7874396135265701 0.5507246376811594 0.22061191626409019 0.11835748792270531
0 0.3812399355877617 0.5068438003220612 0.036231884057971016 0.02254428341384863
0 0.07447665056360708 0.5768921095008052 0.14895330112721417 0.13043478260869565
0 0.6219806763285024 0.5100644122383253 0.11191626409017713 0.04830917874396135
0 0.5793075684380032 0.5056360708534622 0.08293075684380032 0.033011272141706925
1 0.5479066022544283 0.4967793880837359 0.06038647342995169 0.02818035426731079
0 0.35144927536231885 0.501610305958132 0.03462157809983897 0.021739130434782608
0 0.36835748792270534 0.49838969404186795 0.02818035426731079 0.018518518518518517
0 0.4082125603864734 0.4971819645732689 0.01932367149758454 0.011272141706924315
0 0.3276972624798712 0.499597423510467 0.02254428341384863 0.01610305958132045
