0 0.5056360708534622 0.5640096618357487 0.178743961352657 0.16908212560386474
0 0.3196457326892109 0.5060386473429952 0.0322061191626409 0.01610305958132045
0 0.28462157809983896 0.5080515297906603 0.03140096618357488 0.016908212560386472
0 0.357085346215781 0.5028180354267311 0.03140096618357488 0.01610305958132045
0 0.8180354267310789 0.5068438003220612 0.1111111111111111 0.03542673107890499
0 0.8752012882447665 0.5104669887278583 0.16747181964573268 0.050724637681159424
0 0.5225442834138486 0.5048309178743962 0.07890499194847021 0.026570048309178744
0 0.893317230273752 0.499194847020934 0.09098228663446055 0.033011272141706925
1 0.18719806763285024 0.5128824476650563 0.11030595813204509 0.04589371980676329
1 0.10950080515297907 0.5245571658615137 0.14170692431561996 0.05475040257648953
