0 0.7902576489533011 0.5748792270531401 0.3276972624798712 0.15056360708534622
0 0.5970209339774557 0.5201288244766505 0.08293075684380032 0.06843800322061191
0 0.23510466988727857 0.5229468599033816 0.1964573268921095 0.06924315619967794
0 0.2785829307568438 0.5161030595813204 0.1497584541062802 0.05877616747181964
0 0.28462157809983896 0.5084541062801933 0.11835748792270531 0.06280193236714976
0 0.3498389694041868 0.5068438003220612 0.09259259259259259 0.03542673107890499
0 0.36835748792270534 0.5064412238325282 0.0861513687600644 0.03462157809983897
0 0.3671497584541063 0.5024154589371981 0.06924315619967794 0.03462157809983897
0 0.4025764895330113 0.4923510466988728 0.057971014492753624 0.027375201288244767
5 0.4669887278582931 0.4927536231884058 0.004830917874396135 0.013687600644122383
0 0.5454911433172303 0.5056360708534622 0.03784219001610306 0.029790660225442835
0 0.5124798711755234 0.49355877616747185 0.016908212560386472 0.013687600644122383
