0 0.8454106280193237 0.5559581320450886 0.3075684380032206 0.18840579710144928
0 0.11312399355877617 0.5829307568438004 0.22624798711755234 0.13446054750402575
0 0.5793075684380032 0.5265700483091788 0.0861513687600644 0.06038647342995169
0 0.357890499194847 0.5209339774557166 0.061996779388083734 0.04106280193236715
0 0.5301932367149759 0.5120772946859904 0.0426731078904992 0.03462157809983897
0 0.3892914653784219 0.5112721417069244 0.04106280193236715 0.03462157809983897
0 0.4082125603864734 0.5068438003220612 0.027375201288244767 0.02254428341384863
5 0.4500805152979066 0.499194847020934 0.00644122383252818 0.013687600644122383
5 0.4553140096618358 0.499597423510467 0.005636070853462158 0.01288244766505636
0 0.5080515297906603 0.5040257648953301 0.027375201288244767 0.023349436392914653
