0 0.49114331723027377 0.500402576489533 0.01932367149758454 0.017713365539452495
0 0.9231078904991948 0.5877616747181964 0.15217391304347827 0.1247987117552335
0 0.8043478260869565 0.5736714975845411 0.3365539452495974 0.1529790660225443
0 0.4496779388083736 0.5040257648953301 0.026570048309178744 0.021739130434782608
0 0.6030595813204509 0.5241545893719807 0.07890499194847021 0.05877616747181964
0 0.572463768115942 0.5148953301127214 0.06280193236714976 0.0499194847020934
0 0.5575684380032206 0.5088566827697263 0.04428341384863124 0.0426731078904992
0 0.538647342995169 0.5060386473429952 0.033816425120772944 0.027375201288244767
0 0.36231884057971014 0.5040257648953301 0.04508856682769726 0.016908212560386472
0 0.3031400966183575 0.5052334943639292 0.050724637681159424 0.017713365539452495
