0 0.4782433521353747 0.5028203062046737 0.0346494762288477 0.031426269137792104
0 0.062449637389202256 0.5878323932312651 0.12489927477840451 0.12570507655116842
0 0.072522159548751 0.5443190975020145 0.145044319097502 0.088638195004029
0 0.21877518130539886 0.5431103948428686 0.17485898468976632 0.0926672038678485
1 0.24899274778404512 0.5116841257050766 0.09186140209508462 0.055600322320709106
1 0.37953263497179696 0.5008058017727639 0.0692989524576954 0.064464141821112
0 0.30177276390008057 0.5112812248186946 0.052377115229653506 0.030620467365028204
0 0.4121676067687349 0.500402900886382 0.0346494762288477 0.028203062046736505
0 0.4258662369057212 0.5012087026591459 0.023368251410153102 0.016921837228041903
1 0.4375503626107977 0.4927477840451249 0.022562449637389202 0.024174053182917002
0 0.1651893634165995 0.5173247381144238 0.1031426269137792 0.0443190975020145
