0 0.8345410628019324 0.5696457326892109 0.32930756843800324 0.1610305958132045
0 0.071658615136876 0.572866344605475 0.143317230273752 0.15458937198067632
0 0.08977455716586151 0.5475040257648953 0.17954911433172302 0.14895330112721417
0 0.13083735909822866 0.5414653784219001 0.22624798711755234 0.08373590982286634
0 0.2427536231884058 0.5322061191626409 0.17632850241545894 0.06521739130434782
0 0.2890499194847021 0.5253623188405797 0.15136876006441224 0.05958132045088567
0 0.30434782608695654 0.5205314009661836 0.1143317230273752 0.05475040257648953
0 0.3196457326892109 0.5144927536231884 0.13526570048309178 0.04911433172302738
0 0.3498389694041868 0.5096618357487923 0.09259259259259259 0.036231884057971016
0 0.38405797101449274 0.5 0.07729468599033816 0.036231884057971016
5 0.463365539452496 0.499597423510467 0.007246376811594203 0.017713365539452495
0 0.5837359098228664 0.5217391304347826 0.06280193236714976 0.04911433172302738
0 0.6513687600644122 0.5092592592592593 0.10789049919484701 0.043478260869565216
0 0.5857487922705314 0.499597423510467 0.061996779388083734 0.027375201288244767
0 0.5221417069243156 0.499597423510467 0.021739130434782608 0.01610305958132045
