0 0.09702093397745572 0.5849436392914654 0.19404186795491143 0.13043478260869565
0 0.21497584541062803 0.5499194847020934 0.14492753623188406 0.08132045088566828
0 0.2995169082125604 0.5322061191626409 0.09178743961352658 0.05233494363929147
0 0.8578904991948471 0.49476650563607083 0.20048309178743962 0.07085346215780998
0 0.7966988727858293 0.4927536231884058 0.1247987117552335 0.061996779388083734
0 0.7520128824476651 0.49315619967793883 0.12560386473429952 0.05314009661835749
0 0.7012882447665056 0.49557165861513686 0.11272141706924316 0.043478260869565216
0 0.35950080515297905 0.5181159420289855 0.06038647342995169 0.03542673107890499
0 0.5829307568438004 0.5132850241545893 0.06763285024154589 0.04669887278582931
0 0.5619967793880838 0.5076489533011272 0.04669887278582931 0.03864734299516908
