0 0.5060386473429952 0.5177133655394525 0.05394524959742351 0.050724637681159424
0 0.7697262479871175 0.5462962962962963 0.178743961352657 0.11594202898550725
0 0.645330112721417 0.5205314009661836 0.12318840579710146 0.057971014492753624
0 0.11030595813204509 0.5519323671497585 0.22061191626409019 0.11272141706924316
0 0.08816425120772947 0.5309983896940419 0.16183574879227053 0.07890499194847021
0 0.3671497584541063 0.5132850241545893 0.06602254428341385 0.03542673107890499
0 0.46578099838969406 0.49879227053140096 0.02818035426731079 0.020933977455716585
0 0.2669082125603865 0.5144927536231884 0.08293075684380032 0.039452495974235106
0 0.3723832528180354 0.5072463768115942 0.050724637681159424 0.023349436392914653
0 0.5487117552334944 0.49597423510466987 0.020128824476650563 0.013687600644122383
0 0.16143317230273752 0.5165056360708534 0.10386473429951691 0.03864734299516908
