0 0.24677938808373592 0.5539452495974235 0.21980676328502416 0.1360708534621578
0 0.8812399355877617 0.570450885668277 0.2359098228663446 0.15942028985507245
0 0.7471819645732689 0.5664251207729468 0.20450885668276972 0.14009661835748793
0 0.5048309178743962 0.5148953301127214 0.08695652173913043 0.05152979066022544
0 0.6799516908212561 0.5277777777777778 0.08132045088566828 0.07246376811594203
1 0.8784219001610306 0.4867149758454106 0.10305958132045089 0.05314009661835749
1 0.8027375201288245 0.48993558776167473 0.08856682769726248 0.04669887278582931
0 0.5495169082125604 0.499194847020934 0.0426731078904992 0.02818035426731079
0 0.5785024154589372 0.49355877616747185 0.03140096618357488 0.021739130434782608
2 0.6505636070853462 0.4786634460547504 0.037037037037037035 0.033816425120772944
