0 0.49516908212560384 0.5076489533011272 0.033816425120772944 0.0322061191626409
0 0.07326892109500806 0.537842190016103 0.14653784219001612 0.06682769726247988
0 0.18156199677938809 0.5221417069243156 0.11674718196457327 0.05152979066022544
0 0.6545893719806763 0.5185185185185185 0.11916264090177134 0.061996779388083734
0 0.6348631239935588 0.5148953301127214 0.11030595813204509 0.0499194847020934
0 0.5970209339774557 0.5120772946859904 0.09420289855072464 0.039452495974235106
0 0.5813204508856683 0.5088566827697263 0.08051529790660225 0.03784219001610306
0 0.5768921095008052 0.5052334943639292 0.0748792270531401 0.030595813204508857
0 0.5652173913043478 0.5040257648953301 0.06763285024154589 0.029790660225442835
0 0.44122383252818037 0.499194847020934 0.014492753623188406 0.010466988727858293
1 0.5273752012882448 0.49516908212560384 0.03542673107890499 0.015297906602254429
0 0.4114331723027375 0.49879227053140096 0.017713365539452495 0.01288244766505636
