0 0.47703464947622887 0.5032232070910556 0.032232070910556 0.029008863819500404
0 0.09669621273166801 0.5797743755036261 0.19339242546333602 0.14182111200644643
0 0.09468170829975826 0.540692989524577 0.18936341659951653 0.07977437550362611
0 0.30338436744560837 0.5334407735697019 0.11200644641418211 0.0652699435938759
0 0.2550362610797744 0.516116035455278 0.07977437550362611 0.041901692183722805
0 0.3501208702659146 0.5141015310233682 0.06688154713940371 0.0427074939564867
1 0.4101531023368251 0.49637389202256244 0.043513295729250605 0.0427074939564867
0 0.42707493956486703 0.49879129734085415 0.0257856567284448 0.021756647864625302
1 0.4419822723609992 0.4927477840451249 0.018533440773569703 0.020950846091861403
0 0.03585817888799355 0.5298146655922643 0.0717163577759871 0.07091055600322321
