0 0.8780193236714976 0.571658615136876 0.24235104669887278 0.1570048309178744
0 0.11594202898550725 0.5744766505636071 0.2318840579710145 0.15136876006441224
0 0.7262479871175523 0.5543478260869565 0.2286634460547504 0.13043478260869565
1 0.605475040257649 0.48792270531400966 0.1288244766505636 0.12318840579710146
0 0.5615942028985508 0.5052334943639292 0.05233494363929147 0.04830917874396135
0 0.5491143317230274 0.5056360708534622 0.043478260869565216 0.033011272141706925
0 0.5213365539452496 0.5020128824476651 0.029790660225442835 0.024154589371980676
0 0.4053945249597424 0.5068438003220612 0.02818035426731079 0.020933977455716585
0 0.5020128824476651 0.500805152979066 0.033011272141706925 0.023349436392914653
0 0.4758454106280193 0.499597423510467 0.024154589371980676 0.01610305958132045
