0 0.31239935587761675 0.533011272141707 0.10950080515297907 0.06521739130434782
0 0.8699677938808373 0.573268921095008 0.2584541062801932 0.1537842190016103
0 0.7210144927536232 0.5491143317230274 0.16666666666666666 0.10225442834138486
0 0.36594202898550726 0.5197262479871175 0.07326892109500806 0.04508856682769726
0 0.6380837359098228 0.5249597423510467 0.09098228663446055 0.061996779388083734
0 0.394122383252818 0.5144927536231884 0.0571658615136876 0.03462157809983897
0 0.6014492753623188 0.5161030595813204 0.06763285024154589 0.04589371980676329
0 0.4416264090177134 0.5036231884057971 0.02818035426731079 0.020933977455716585
0 0.5825281803542673 0.5112721417069244 0.04750402576489533 0.036231884057971016
0 0.5736714975845411 0.5068438003220612 0.036231884057971016 0.028985507246376812
