0 0.3309178743961353 0.5563607085346216 0.15136876006441224 0.11513687600644122
0 0.8909017713365539 0.5962157809983897 0.21658615136876005 0.10789049919484701
0 0.6859903381642513 0.5736714975845411 0.18679549114331723 0.14170692431561996
0 0.5913848631239935 0.5434782608695652 0.09903381642512077 0.07809983896940419
0 0.3836553945249597 0.53341384863124 0.07648953301127215 0.06602254428341385
0 0.40418679549114334 0.5249597423510467 0.05958132045088567 0.04589371980676329
0 0.5595813204508857 0.5233494363929146 0.06280193236714976 0.04911433172302738
0 0.5362318840579711 0.5201288244766505 0.04669887278582931 0.03784219001610306
0 0.43719806763285024 0.5132850241545893 0.0322061191626409 0.027375201288244767
0 0.4496779388083736 0.5064412238325282 0.02818035426731079 0.02818035426731079
0 0.46215780998389694 0.5072463768115942 0.02576489533011272 0.023349436392914653
