0 0.10104669887278583 0.5628019323671497 0.20209339774557167 0.1215780998389694
0 0.12761674718196458 0.5434782608695652 0.25523349436392917 0.09420289855072464
0 0.22745571658615138 0.5281803542673108 0.17632850241545894 0.06843800322061191
0 0.2584541062801932 0.5165056360708534 0.16586151368760063 0.07246376811594203
5 0.4251207729468599 0.5092592592592593 0.014492753623188406 0.033816425120772944
0 0.9263285024154589 0.570450885668277 0.1457326892109501 0.15942028985507245
0 0.8812399355877617 0.5603864734299517 0.2359098228663446 0.11996779388083736
0 0.7991143317230274 0.5402576489533011 0.21336553945249598 0.08293075684380032
0 0.7455716586151369 0.5297906602254429 0.14814814814814814 0.06843800322061191
0 0.7020933977455717 0.5233494363929146 0.16264090177133655 0.06038647342995169
0 0.6650563607085346 0.5193236714975845 0.143317230273752 0.04750402576489533
0 0.6489533011272142 0.5128824476650563 0.11594202898550725 0.050724637681159424
0 0.34903381642512077 0.5116747181964574 0.09742351046698873 0.0322061191626409
0 0.36835748792270534 0.5100644122383253 0.08132045088566828 0.028985507246376812
0 0.5261674718196457 0.5080515297906603 0.03462157809983897 0.0249597423510467
0 0.5108695652173914 0.500402576489533 0.020128824476650563 0.017713365539452495
1 0.49557165861513686 0.4915458937198068 0.012077294685990338 0.014492753623188406
