0 0.055958132045088566 0.5531400966183575 0.11191626409017713 0.19404186795491143
0 0.8293075684380032 0.5801127214170693 0.3397745571658615 0.14009661835748793
0 0.3808373590982287 0.5152979066022544 0.05475040257648953 0.0426731078904992
0 0.1537842190016103 0.5752818035426731 0.3059581320450886 0.1497584541062802
0 0.6642512077294686 0.5446859903381642 0.14492753623188406 0.09822866344605476
0 0.5821256038647343 0.5221417069243156 0.07568438003220612 0.05475040257648953
0 0.5479066022544283 0.5152979066022544 0.05555555555555555 0.0426731078904992
0 0.5297906602254429 0.5104669887278583 0.043478260869565216 0.03140096618357488
0 0.41223832528180354 0.5044283413848631 0.028985507246376812 0.02254428341384863
0 0.6280193236714976 0.4971819645732689 0.05314009661835749 0.02576489533011272
