0 0.12439613526570048 0.5837359098228664 0.24879227053140096 0.13285024154589373
0 0.9098228663446055 0.5688405797101449 0.178743961352657 0.16264090177133655
0 0.3256843800322061 0.538647342995169 0.10869565217391304 0.0893719806763285
0 0.36594202898550726 0.5277777777777778 0.09098228663446055 0.05636070853462158
0 0.677133655394525 0.49074074074074076 0.05475040257648953 0.017713365539452495
0 0.8727858293075684 0.5752818035426731 0.20611916264090177 0.1497584541062802
0 0.8289049919484702 0.5414653784219001 0.14090177133655393 0.10305958132045089
0 0.6719001610305958 0.5068438003220612 0.13446054750402575 0.0499194847020934
0 0.9971819645732689 0.5140901771336553 0.004025764895330112 0.057971014492753624
0 0.8957326892109501 0.5048309178743962 0.10064412238325282 0.036231884057971016
