0 0.4178082191780822 0.5028203062046737 0.016921837228041903 0.0136986301369863
0 0.44721998388396456 0.5136986301369864 0.0499597099113618 0.045124899274778404
0 0.3577759871071716 0.5185334407735697 0.06124093473005641 0.0515713134568896
0 0.14101531023368252 0.5358581788879936 0.15471394037066882 0.07010475423045931
0 0.0684931506849315 0.5294117647058824 0.136986301369863 0.058823529411764705
0 0.266317485898469 0.515310233682514 0.060435132957292505 0.035455278001611606
1 0.16317485898468978 0.508460918614021 0.0894439967767929 0.04915390813859791
0 0.3021756647864625 0.5088638195004029 0.040290088638195005 0.0257856567284448
0 0.23569701853344077 0.5100725221595488 0.0427074939564867 0.023368251410153102
1 0.33883964544722 0.49717969379532634 0.029814665592264304 0.031426269137792104
