0 0.16344605475040258 0.5797101449275363 0.32689210950080516 0.14090177133655393
1 0.3526570048309179 0.5161030595813204 0.13687600644122383 0.12640901771336555
0 0.8651368760064412 0.5579710144927537 0.26811594202898553 0.18438003220611915
0 0.7640901771336553 0.535426731078905 0.3252818035426731 0.107085346215781
0 0.1107085346215781 0.5813204508856683 0.2214170692431562 0.13768115942028986
0 0.6014492753623188 0.5104669887278583 0.14653784219001612 0.06038647342995169
1 0.42310789049919484 0.5052334943639292 0.06360708534621579 0.05475040257648953
0 0.5293880837359098 0.5032206119162641 0.03140096618357488 0.02818035426731079
0 0.5169082125603864 0.501610305958132 0.028985507246376812 0.026570048309178744
0 0.4464573268921095 0.49557165861513686 0.013687600644122383 0.014492753623188406
