0 0.49516908212560384 0.5128824476650563 0.04669887278582931 0.03784219001610306
0 0.12842190016103058 0.5768921095008052 0.25684380032206117 0.14653784219001612
0 0.2918679549114332 0.5281803542673108 0.1280193236714976 0.07004830917874397
0 0.33454106280193235 0.5197262479871175 0.11674718196457327 0.05475040257648953
0 0.38164251207729466 0.5092592592592593 0.08856682769726248 0.03542673107890499
1 0.4214975845410628 0.49516908212560384 0.06843800322061191 0.036231884057971016
0 0.8478260869565217 0.5772946859903382 0.3027375201288245 0.1457326892109501
0 0.6972624798711755 0.533011272141707 0.1529790660225443 0.09742351046698873
0 0.7181964573268921 0.5100644122383253 0.1143317230273752 0.043478260869565216
0 0.048711755233494365 0.5418679549114331 0.09742351046698873 0.09420289855072464
0 0.49074074074074076 0.5028180354267311 0.02818035426731079 0.02576489533011272
0 0.11876006441223833 0.5245571658615137 0.15539452495974235 0.07246376811594203
0 0.2177938808373591 0.5161030595813204 0.10064412238325282 0.050724637681159424
1 0.8514492753623188 0.5020128824476651 0.1747181964573269 0.0644122383252818
0 0.24758454106280192 0.501207729468599 0.05877616747181964 0.028985507246376812
