0 0.11030595813204509 0.5495169082125604 0.22061191626409019 0.1706924315619968
0 0.8156199677938808 0.5793075684380032 0.33816425120772947 0.14170692431561996
0 0.11634460547504026 0.535024154589372 0.23268921095008052 0.12238325281803543
0 0.18961352657004832 0.53341384863124 0.2069243156199678 0.08373590982286634
0 0.22584541062801933 0.5249597423510467 0.20209339774557167 0.0748792270531401
0 0.32085346215780997 0.5096618357487923 0.11996779388083736 0.0426731078904992
0 0.35507246376811596 0.5056360708534622 0.09178743961352658 0.0426731078904992
0 0.5628019323671497 0.5120772946859904 0.05152979066022544 0.039452495974235106
0 0.6493558776167472 0.5434782608695652 0.13446054750402575 0.09420289855072464
0 0.538647342995169 0.5032206119162641 0.033816425120772944 0.029790660225442835
0 0.3836553945249597 0.5028180354267311 0.07648953301127215 0.027375201288244767
