0 0.8534621578099839 0.5825281803542673 0.2914653784219002 0.13526570048309178
0 0.08655394524959742 0.5426731078904992 0.17310789049919484 0.1570048309178744
0 0.1280193236714976 0.5434782608695652 0.2560386473429952 0.10225442834138486
0 0.1823671497584541 0.5269726247987118 0.2391304347826087 0.08695652173913043
0 0.3031400966183575 0.5120772946859904 0.13285024154589373 0.04750402576489533
0 0.3438003220611916 0.5040257648953301 0.0998389694041868 0.04589371980676329
0 0.5692431561996779 0.5148953301127214 0.057971014492753624 0.043478260869565216
0 0.6876006441223832 0.5551529790660226 0.17713365539452497 0.11755233494363929
0 0.5418679549114331 0.501207729468599 0.037037037037037035 0.0322061191626409
0 0.37721417069243157 0.5032206119162641 0.08132045088566828 0.029790660225442835
