0 0.47784045124899277 0.5032232070910556 0.0273972602739726 0.0257856567284448
0 0.041901692183722805 0.548348106365834 0.08380338436744561 0.10797743755036261
0 0.177276390008058 0.5749395648670427 0.2610797743755036 0.1385979049153908
0 0.1998388396454472 0.5290088638195004 0.11603545527800162 0.0499597099113618
0 0.35294117647058826 0.5221595487510072 0.07413376309427881 0.04754230459307011
0 0.3074133763094279 0.5108783239323127 0.057211925866236905 0.0362610797743755
0 0.39000805801772764 0.5112812248186946 0.045124899274778404 0.030620467365028204
0 0.41498791297340853 0.5076551168412571 0.030620467365028204 0.021756647864625302
0 0.03908138597904915 0.5330378726833199 0.0781627719580983 0.06285253827558421
1 0.19621273166800968 0.5092667203867849 0.09427880741337631 0.05076551168412571
