0 0.49879227053140096 0.5100644122383253 0.0426731078904992 0.040257648953301126
0 0.09138486312399356 0.573268921095008 0.18276972624798712 0.11996779388083736
0 0.8599033816425121 0.5664251207729468 0.2673107890499195 0.16747181964573268
0 0.6654589371980676 0.5237520128824477 0.1473429951690821 0.06924315619967794
0 0.6409017713365539 0.5152979066022544 0.11594202898550725 0.05394524959742351
0 0.6227858293075684 0.5080515297906603 0.09420289855072464 0.04750402576489533
1 0.5801127214170693 0.500402576489533 0.08454106280193237 0.04186795491143317
0 0.5615942028985508 0.5020128824476651 0.06360708534621579 0.02576489533011272
0 0.5414653784219001 0.49798711755233493 0.0426731078904992 0.017713365539452495
0 0.30515297906602257 0.5060386473429952 0.05475040257648953 0.030595813204508857
1 0.42592592592592593 0.4923510466988728 0.0322061191626409 0.028985507246376812
0 0.3357487922705314 0.5060386473429952 0.040257648953301126 0.024154589371980676
0 0.3607085346215781 0.5052334943639292 0.030595813204508857 0.017713365539452495
0 0.3973429951690821 0.499194847020934 0.026570048309178744 0.013687600644122383
0 0.28462157809983896 0.5044283413848631 0.033011272141706925 0.020933977455716585
0 0.052737520128824475 0.5072463768115942 0.03462157809983897 0.0249597423510467
