0 0.8409822866344605 0.5744766505636071 0.3164251207729469 0.15136876006441224
0 0.249597423510467 0.572061191626409 0.20772946859903382 0.13365539452495975
0 0.32689210950080516 0.5466988727858293 0.12238325281803543 0.06682769726247988
0 0.6203703703703703 0.53341384863124 0.11674718196457327 0.07568438003220612
0 0.40458937198067635 0.5116747181964574 0.04750402576489533 0.03542673107890499
0 0.5527375201288245 0.5104669887278583 0.04428341384863124 0.03462157809983897
1 0.4142512077294686 0.5020128824476651 0.04106280193236715 0.040257648953301126
0 0.5406602254428341 0.5076489533011272 0.04106280193236715 0.028985507246376812
1 0.32045088566827695 0.4939613526570048 0.10789049919484701 0.040257648953301126
1 0.4923510466988728 0.4943639291465378 0.018518518518518517 0.020128824476650563
1 0.6155394524959742 0.49033816425120774 0.07326892109500806 0.02818035426731079
