0 0.5096618357487923 0.5241545893719807 0.0644122383252818 0.05394524959742351
0 0.2290660225442834 0.5152979066022544 0.07971014492753623 0.039452495974235106
5 0.7226247987117552 0.5177133655394525 0.08454106280193237 0.061996779388083734
1 0.57085346215781 0.5032206119162641 0.05475040257648953 0.05555555555555555
1 0.31239935587761675 0.5040257648953301 0.04508856682769726 0.02818035426731079
0 0.38446054750402575 0.5100644122383253 0.07648953301127215 0.037037037037037035
0 0.40660225442834136 0.5084541062801933 0.07246376811594203 0.02576489533011272
0 0.4251207729468599 0.5052334943639292 0.05314009661835749 0.02254428341384863
0 0.4428341384863124 0.500805152979066 0.03864734299516908 0.015297906602254429
0 0.48389694041867953 0.5116747181964574 0.03542673107890499 0.0322061191626409
0 0.3003220611916264 0.501610305958132 0.043478260869565216 0.020128824476650563
