0 0.03341384863123994 0.5785024154589372 0.06682769726247988 0.13848631239935588
0 0.12359098228663445 0.5551529790660226 0.2471819645732689 0.10466988727858294
0 0.19484702093397746 0.5410628019323671 0.23027375201288244 0.08776167471819646
0 0.23711755233494364 0.5301932367149759 0.16183574879227053 0.07568438003220612
0 0.2673107890499195 0.5257648953301127 0.1819645732689211 0.06521739130434782
0 0.2781803542673108 0.5189210950080515 0.1215780998389694 0.05314009661835749
0 0.3168276972624799 0.5173107890499195 0.11674718196457327 0.04508856682769726
0 0.32407407407407407 0.5136876006441223 0.11996779388083736 0.04106280193236715
0 0.35466988727858295 0.5080515297906603 0.08776167471819646 0.036231884057971016
0 0.3639291465378422 0.5044283413848631 0.09017713365539452 0.04186795491143317
5 0.4577294685990338 0.5020128824476651 0.008856682769726247 0.020933977455716585
0 0.6195652173913043 0.535024154589372 0.09581320450885668 0.07085346215780998
0 0.6940418679549114 0.5169082125603864 0.14009661835748793 0.05555555555555555
0 0.5974235104669887 0.5064412238325282 0.07085346215780998 0.03140096618357488
0 0.5241545893719807 0.5032206119162641 0.024154589371980676 0.018518518518518517
