0 0.2975040257648953 0.5366344605475041 0.11996779388083736 0.07085346215780998
0 0.8917069243156199 0.5736714975845411 0.21497584541062803 0.1529790660225443
0 0.748792270531401 0.5555555555555556 0.19806763285024154 0.11674718196457327
0 0.357890499194847 0.5213365539452496 0.07809983896940419 0.04669887278582931
0 0.6481481481481481 0.5273752012882448 0.0998389694041868 0.06682769726247988
0 0.3884863123993559 0.5152979066022544 0.06038647342995169 0.036231884057971016
0 0.605877616747182 0.5173107890499195 0.071658615136876 0.04830917874396135
0 0.4388083735909823 0.5036231884057971 0.028985507246376812 0.020933977455716585
0 0.5853462157809984 0.5120772946859904 0.0499194847020934 0.03784219001610306
0 0.5752818035426731 0.5068438003220612 0.03784219001610306 0.030595813204508857
