1 0.5515297906602254 0.5185185185185185 0.07729468599033816 0.08454106280193237
0 0.30112721417069244 0.5322061191626409 0.12399355877616747 0.061996779388083734
0 0.2028985507246377 0.5237520128824477 0.1497584541062802 0.07890499194847021
0 0.46497584541062803 0.5084541062801933 0.05555555555555555 0.040257648953301126
0 0.8007246376811594 0.5217391304347826 0.1360708534621578 0.06360708534621579
0 0.5982286634460547 0.4967793880837359 0.03542673107890499 0.03140096618357488
1 0.6396940418679549 0.4867149758454106 0.0426731078904992 0.040257648953301126
0 0.8848631239935588 0.5136876006441223 0.15458937198067632 0.06843800322061191
0 0.9533011272141707 0.5197262479871175 0.09178743961352658 0.057971014492753624
2 0.5913848631239935 0.47946859903381644 0.04106280193236715 0.05636070853462158
0 0.06521739130434782 0.53341384863124 0.13043478260869565 0.05958132045088567
