1 0.45491143317230276 0.5148953301127214 0.07085346215780998 0.07729468599033816
1 0.9142512077294686 0.4927536231884058 0.16988727858293076 0.14251207729468598
0 0.21256038647342995 0.5297906602254429 0.12560386473429952 0.06038647342995169
0 0.107085346215781 0.5225442834138486 0.15942028985507245 0.07971014492753623
0 0.37681159420289856 0.5076489533011272 0.05475040257648953 0.03864734299516908
0 0.6698872785829307 0.5148953301127214 0.10628019323671498 0.05475040257648953
0 0.5040257648953301 0.49557165861513686 0.0322061191626409 0.030595813204508857
1 0.5426731078904992 0.4863123993558776 0.037037037037037035 0.03784219001610306
0 0.7379227053140096 0.5100644122383253 0.11352657004830918 0.057971014492753624
0 0.8297101449275363 0.5124798711755234 0.14251207729468598 0.0499194847020934
2 0.49798711755233493 0.4810789049919485 0.036231884057971016 0.05314009661835749
0 0.011272141706924315 0.5289855072463768 0.02254428341384863 0.04750402576489533
