0 0.45044319097502017 0.5104754230459307 0.043513295729250605 0.040290088638195005
0 0.34367445608380337 0.5257856567284448 0.0862207896857373 0.06607574536663981
0 0.05640612409347301 0.5547945205479452 0.11281224818694602 0.1031426269137792
0 0.22884770346494762 0.5213537469782433 0.09186140209508462 0.04754230459307011
1 0.11160354552780016 0.5124899274778405 0.12651087832393232 0.062046736502820304
0 0.36261079774375504 0.5149073327961321 0.046736502820306204 0.0362610797743755
0 0.29250604351329573 0.5124899274778405 0.0531829170024174 0.031426269137792104
0 0.2199838839645447 0.5104754230459307 0.0547945205479452 0.0273972602739726
1 0.3432715551974214 0.4975825946817083 0.035455278001611606 0.035455278001611606
2 0.40290088638195004 0.48912167606768736 0.020950846091861403 0.033037872683319904
