0 0.13325281803542674 0.5700483091787439 0.2181964573268921 0.11513687600644122
0 0.355475040257649 0.5366344605475041 0.09581320450885668 0.06924315619967794
0 0.2471819645732689 0.5430756843800322 0.12560386473429952 0.07407407407407407
5 0.6763285024154589 0.5309983896940419 0.09339774557165861 0.07890499194847021
0 0.9444444444444444 0.5096618357487923 0.10950080515297907 0.08132045088566828
5 0.7065217391304348 0.5366344605475041 0.10225442834138486 0.09178743961352658
0 0.4214975845410628 0.5120772946859904 0.03784219001610306 0.033011272141706925
0 0.4537037037037037 0.501207729468599 0.013687600644122383 0.01288244766505636
0 0.5466988727858293 0.5068438003220612 0.07407407407407407 0.028985507246376812
0 0.5185185185185185 0.5028180354267311 0.05152979066022544 0.020933977455716585
1 0.39855072463768115 0.5148953301127214 0.06280193236714976 0.05636070853462158
