0 0.49838969404186795 0.5092592592592593 0.04186795491143317 0.040257648953301126
0 0.13123993558776167 0.5547504025764896 0.20128824476650564 0.09098228663446055
0 0.8160225442834138 0.5539452495974235 0.24235104669887278 0.14251207729468598
0 0.6545893719806763 0.5209339774557166 0.14009661835748793 0.06360708534621579
0 0.6324476650563607 0.5136876006441223 0.11030595813204509 0.050724637681159424
0 0.6171497584541062 0.5068438003220612 0.09098228663446055 0.04508856682769726
1 0.5764895330112721 0.49879227053140096 0.0821256038647343 0.040257648953301126
0 0.5591787439613527 0.500805152979066 0.061996779388083734 0.0249597423510467
0 0.5402576489533011 0.4971819645732689 0.04186795491143317 0.017713365539452495
0 0.30998389694041867 0.5056360708534622 0.05152979066022544 0.029790660225442835
1 0.428341384863124 0.49114331723027377 0.030595813204508857 0.02818035426731079
0 0.3393719806763285 0.5048309178743962 0.039452495974235106 0.023349436392914653
0 0.36312399355877617 0.5040257648953301 0.030595813204508857 0.016908212560386472
0 0.39895330112721417 0.499194847020934 0.0249597423510467 0.013687600644122383
0 0.2886473429951691 0.5036231884057971 0.03140096618357488 0.020933977455716585
0 0.06320450885668277 0.5060386473429952 0.03462157809983897 0.024154589371980676
