0 0.8051529790660226 0.5277777777777778 0.2528180354267311 0.09178743961352658
0 0.10064412238325282 0.5301932367149759 0.20128824476650564 0.16908212560386474
0 0.12318840579710146 0.538244766505636 0.22061191626409019 0.0821256038647343
1 0.5692431561996779 0.49879227053140096 0.07407407407407407 0.07085346215780998
0 0.27657004830917875 0.5177133655394525 0.1570048309178744 0.050724637681159424
0 0.33454106280193235 0.5080515297906603 0.11996779388083736 0.04911433172302738
1 0.5318035426731079 0.4923510466988728 0.03784219001610306 0.04186795491143317
0 0.3808373590982287 0.501610305958132 0.05475040257648953 0.0249597423510467
0 0.39814814814814814 0.501610305958132 0.061996779388083734 0.0249597423510467
1 0.42391304347826086 0.4919484702093398 0.0571658615136876 0.02818035426731079
