0 0.7632850241545893 0.5623993558776168 0.23349436392914655 0.1288244766505636
0 0.4307568438003221 0.5028180354267311 0.06924315619967794 0.02576489533011272
5 0.748792270531401 0.5116747181964574 0.07085346215780998 0.05314009661835749
0 0.6131239935587761 0.49516908212560384 0.06360708534621579 0.023349436392914653
0 0.7697262479871175 0.4919484702093398 0.07729468599033816 0.021739130434782608
1 0.9633655394524959 0.4883252818035427 0.071658615136876 0.028985507246376812
0 0.3788244766505636 0.5028180354267311 0.05394524959742351 0.02254428341384863
0 0.20974235104669886 0.5068438003220612 0.0571658615136876 0.02254428341384863
0 0.4754428341384863 0.49476650563607083 0.018518518518518517 0.01288244766505636
0 0.44524959742351045 0.4967793880837359 0.02254428341384863 0.013687600644122383
