0 0.7612721417069244 0.573268921095008 0.2359098228663446 0.1457326892109501
0 0.4037842190016103 0.5265700483091788 0.07648953301127215 0.071658615136876
0 0.16344605475040258 0.5829307568438004 0.32689210950080516 0.13446054750402575
0 0.6002415458937198 0.5277777777777778 0.06521739130434782 0.04508856682769726
0 0.6473429951690821 0.538647342995169 0.0966183574879227 0.06843800322061191
0 0.4609500805152979 0.5108695652173914 0.026570048309178744 0.024154589371980676
0 0.427536231884058 0.5233494363929146 0.05314009661835749 0.0426731078904992
0 0.5865539452495975 0.5205314009661836 0.04589371980676329 0.037037037037037035
0 0.5696457326892109 0.5152979066022544 0.036231884057971016 0.02818035426731079
0 0.5591787439613527 0.5128824476650563 0.03140096618357488 0.0249597423510467
