0 0.3836553945249597 0.5020128824476651 0.0748792270531401 0.02576489533011272
0 0.5462962962962963 0.5040257648953301 0.039452495974235106 0.033011272141706925
0 0.4420289855072464 0.5084541062801933 0.03864734299516908 0.030595813204508857
0 0.29347826086956524 0.5157004830917874 0.1457326892109501 0.0499194847020934
0 0.26570048309178745 0.5193236714975845 0.1610305958132045 0.0571658615136876
0 0.21940418679549115 0.533011272141707 0.20209339774557167 0.0748792270531401
0 0.1469404186795491 0.5422705314009661 0.2938808373590982 0.10305958132045089
0 0.06642512077294686 0.5575684380032206 0.13285024154589373 0.13687600644122383
0 0.6332528180354268 0.537842190016103 0.11513687600644122 0.071658615136876
0 0.8438003220611916 0.5845410628019324 0.3107890499194847 0.13123993558776167
