0 0.0861513687600644 0.5861513687600645 0.1723027375201288 0.1280193236714976
0 0.2041062801932367 0.5523349436392915 0.16505636070853463 0.08454106280193237
0 0.28743961352657005 0.533816425120773 0.09178743961352658 0.0571658615136876
0 0.33776167471819646 0.5229468599033816 0.06682769726247988 0.040257648953301126
0 0.7669082125603864 0.49476650563607083 0.14412238325281804 0.05314009661835749
0 0.7310789049919485 0.48993558776167473 0.09339774557165861 0.04830917874396135
0 0.7012882447665056 0.49355877616747185 0.09822866344605476 0.0426731078904992
0 0.9883252818035426 0.47020933977455714 0.021739130434782608 0.03784219001610306
0 0.9681964573268921 0.47020933977455714 0.061996779388083734 0.036231884057971016
0 0.6646537842190016 0.4939613526570048 0.09098228663446055 0.03542673107890499
0 0.3788244766505636 0.5136876006441223 0.04750402576489533 0.029790660225442835
0 0.5648148148148148 0.5076489533011272 0.04911433172302738 0.037037037037037035
0 0.5511272141706924 0.5052334943639292 0.03784219001610306 0.0322061191626409
