0 0.5040257648953301 0.5197262479871175 0.05314009661835749 0.0499194847020934
0 0.8655394524959742 0.5656199677938808 0.23993558776167473 0.16908212560386474
0 0.6368760064412239 0.5197262479871175 0.10144927536231885 0.05475040257648953
0 0.5913848631239935 0.5120772946859904 0.08293075684380032 0.036231884057971016
0 0.2286634460547504 0.5374396135265701 0.13526570048309178 0.07568438003220612
0 0.3808373590982287 0.5108695652173914 0.05152979066022544 0.0322061191626409
0 0.13808373590982287 0.53341384863124 0.14895330112721417 0.057971014492753624
0 0.23349436392914655 0.5181159420289855 0.08051529790660225 0.04830917874396135
0 0.44565217391304346 0.5036231884057971 0.03140096618357488 0.017713365539452495
0 0.3244766505636071 0.5100644122383253 0.05475040257648953 0.028985507246376812
0 0.392512077294686 0.5056360708534622 0.0426731078904992 0.018518518518518517
0 0.016908212560386472 0.5285829307568438 0.033816425120772944 0.05152979066022544
0 0.04106280193236715 0.5148953301127214 0.0821256038647343 0.03542673107890499
0 0.5229468599033816 0.499597423510467 0.020128824476650563 0.014492753623188406
0 0.2463768115942029 0.5096618357487923 0.06602254428341385 0.02818035426731079
