0 0.5020128824476651 0.5152979066022544 0.06038647342995169 0.04911433172302738
0 0.09863123993558776 0.5157004830917874 0.1473429951690821 0.061191626409017714
5 0.9307568438003221 0.5491143317230274 0.13687600644122383 0.13446054750402575
1 0.6183574879227053 0.5040257648953301 0.09500805152979067 0.08776167471819646
1 0.22705314009661837 0.500402576489533 0.08051529790660225 0.043478260869565216
0 0.3389694041867955 0.5092592592592593 0.10950080515297907 0.05475040257648953
0 0.35668276972624796 0.5072463768115942 0.10144927536231885 0.04106280193236715
0 0.37962962962962965 0.5052334943639292 0.09420289855072464 0.03542673107890499
0 0.41183574879227053 0.49879227053140096 0.061996779388083734 0.028985507246376812
0 0.4355877616747182 0.4919484702093398 0.04669887278582931 0.018518518518518517
0 0.571256038647343 0.5024154589371981 0.04750402576489533 0.03140096618357488
0 0.5555555555555556 0.4943639291465378 0.03864734299516908 0.029790660225442835
0 0.4863123993558776 0.500402576489533 0.033816425120772944 0.030595813204508857
0 0.26006441223832527 0.49476650563607083 0.05636070853462158 0.024154589371980676
