0 0.2665056360708535 0.5696457326892109 0.20611916264090177 0.14009661835748793
0 0.3804347826086957 0.5305958132045089 0.07809983896940419 0.061996779388083734
1 0.41505636070853463 0.5052334943639292 0.05877616747181964 0.05958132045088567
0 0.16908212560386474 0.5652173913043478 0.1706924315619968 0.10869565217391304
0 0.6545893719806763 0.5237520128824477 0.1932367149758454 0.07407407407407407
0 0.6115136876006442 0.5173107890499195 0.14090177133655393 0.04830917874396135
0 0.5543478260869565 0.5084541062801933 0.0893719806763285 0.037037037037037035
1 0.4424315619967794 0.5032206119162641 0.036231884057971016 0.033011272141706925
0 0.5140901771336553 0.5024154589371981 0.023349436392914653 0.021739130434782608
1 0.10587761674718196 0.533011272141707 0.21175523349436393 0.23429951690821257
