0 0.8196457326892109 0.5700483091787439 0.34299516908212563 0.16022544283413848
0 0.0929951690821256 0.5688405797101449 0.1859903381642512 0.1497584541062802
0 0.10426731078904992 0.5414653784219001 0.20853462157809985 0.1320450885668277
0 0.15901771336553946 0.5366344605475041 0.2037037037037037 0.07568438003220612
0 0.26006441223832527 0.5297906602254429 0.16264090177133655 0.06038647342995169
0 0.3003220611916264 0.5229468599033816 0.14170692431561996 0.05636070853462158
0 0.3132045088566828 0.5193236714975845 0.10789049919484701 0.05233494363929147
0 0.32689210950080516 0.5132850241545893 0.1288244766505636 0.04669887278582931
0 0.35507246376811596 0.5088566827697263 0.08856682769726248 0.03462157809983897
0 0.3852657004830918 0.501207729468599 0.0748792270531401 0.03542673107890499
5 0.464170692431562 0.5 0.007246376811594203 0.016908212560386472
0 0.5780998389694042 0.5201288244766505 0.05958132045088567 0.04589371980676329
0 0.644927536231884 0.5084541062801933 0.10305958132045089 0.04186795491143317
0 0.5829307568438004 0.5 0.05958132045088567 0.026570048309178744
0 0.5209339774557166 0.500402576489533 0.020933977455716585 0.01610305958132045
