0 0.8450080515297906 0.5748792270531401 0.3083735909822866 0.15056360708534622
0 0.24033816425120774 0.5672302737520128 0.17954911433172302 0.10466988727858294
0 0.605475040257649 0.5301932367149759 0.09339774557165861 0.06924315619967794
0 0.3530595813204509 0.5265700483091788 0.08293075684380032 0.05877616747181964
0 0.4053945249597424 0.5124798711755234 0.03784219001610306 0.030595813204508857
5 0.4609500805152979 0.5024154589371981 0.007246376811594203 0.018518518518518517
5 0.47061191626409016 0.501207729468599 0.007246376811594203 0.017713365539452495
0 0.427536231884058 0.5072463768115942 0.02576489533011272 0.018518518518518517
0 0.5181159420289855 0.499597423510467 0.015297906602254429 0.01288244766505636
0 0.5446859903381642 0.5076489533011272 0.04106280193236715 0.033816425120772944
