0 0.1537842190016103 0.5776972624798712 0.3075684380032206 0.14492753623188406
0 0.8353462157809984 0.573268921095008 0.3276972624798712 0.1537842190016103
1 0.2962962962962963 0.5281803542673108 0.15942028985507245 0.12640901771336555
0 0.6739130434782609 0.5442834138486312 0.16747181964573268 0.09903381642512077
0 0.6171497584541062 0.5185185185185185 0.06521739130434782 0.05394524959742351
1 0.15861513687600645 0.499597423510467 0.23027375201288244 0.0821256038647343
0 0.6328502415458938 0.5048309178743962 0.07085346215780998 0.050724637681159424
1 0.5044283413848631 0.4943639291465378 0.02818035426731079 0.029790660225442835
1 0.6968599033816425 0.48752012882447665 0.11835748792270531 0.04508856682769726
0 0.40700483091787437 0.500805152979066 0.03140096618357488 0.021739130434782608
0 0.3663446054750403 0.4975845410628019 0.03864734299516908 0.029790660225442835
