0 0.28019323671497587 0.5410628019323671 0.13365539452495975 0.07809983896940419
0 0.9235104669887279 0.5744766505636071 0.15136876006441224 0.15136876006441224
0 0.784621578099839 0.5644122383252818 0.2391304347826087 0.13446054750402575
0 0.3494363929146538 0.5229468599033816 0.08373590982286634 0.0499194847020934
0 0.6594202898550725 0.5309983896940419 0.10950080515297907 0.07246376811594203
0 0.3824476650563607 0.5161030595813204 0.0644122383252818 0.03784219001610306
0 0.6115136876006442 0.5185185185185185 0.07648953301127215 0.05233494363929147
0 0.4359903381642512 0.5040257648953301 0.029790660225442835 0.021739130434782608
0 0.5881642512077294 0.5120772946859904 0.05233494363929147 0.039452495974235106
0 0.5772946859903382 0.5072463768115942 0.040257648953301126 0.03140096618357488
