0 0.49798711755233493 0.5076489533011272 0.04106280193236715 0.033816425120772944
0 0.06682769726247988 0.5764895330112721 0.13365539452495975 0.1473429951690821
0 0.16143317230273752 0.5483091787439613 0.19404186795491143 0.11030595813204509
0 0.2890499194847021 0.5201288244766505 0.1143317230273752 0.050724637681159424
0 0.41505636070853463 0.5237520128824477 0.07004830917874397 0.0499194847020934
0 0.4359903381642512 0.5136876006441223 0.05555555555555555 0.04106280193236715
0 0.3675523349436393 0.5072463768115942 0.08454106280193237 0.03462157809983897
0 0.7093397745571659 0.5664251207729468 0.1996779388083736 0.12560386473429952
2 0.6143317230273752 0.4826892109500805 0.13043478260869565 0.13365539452495975
0 0.5434782608695652 0.5044283413848631 0.03542673107890499 0.027375201288244767
2 0.5213365539452496 0.4855072463768116 0.033011272141706925 0.0426731078904992
0 0.4859098228663446 0.5020128824476651 0.02818035426731079 0.02576489533011272
0 0.13285024154589373 0.5136876006441223 0.09178743961352658 0.03784219001610306
