0 0.44802578565672846 0.5108783239323127 0.045124899274778404 0.0410958904109589
0 0.34730056406124094 0.5233682514101531 0.0789685737308622 0.06124093473005641
0 0.07413376309427881 0.5547945205479452 0.14826752618855762 0.10475423045930701
0 0.033037872683319904 0.5334407735697019 0.06607574536663981 0.0652699435938759
0 0.2401289282836422 0.5189363416599516 0.0821917808219178 0.0443190975020145
1 0.12651087832393232 0.5108783239323127 0.11603545527800162 0.058823529411764705
0 0.2953263497179694 0.5116841257050766 0.04915390813859791 0.029814665592264304
0 0.22481869460112813 0.5104754230459307 0.0515713134568896 0.0257856567284448
1 0.34206285253827556 0.4975825946817083 0.033037872683319904 0.035455278001611606
2 0.3980660757453666 0.48912167606768736 0.020950846091861403 0.033037872683319904
