0 0.1537842190016103 0.5809178743961353 0.3075684380032206 0.13848631239935588
0 0.8800322061191627 0.5640096618357487 0.23832528180354268 0.1723027375201288
0 0.35185185185185186 0.5285829307568438 0.09339774557165861 0.07890499194847021
0 0.38687600644122383 0.5181159420289855 0.08454106280193237 0.05152979066022544
0 0.6566022544283414 0.4855072463768116 0.05555555555555555 0.018518518518518517
0 0.8099838969404187 0.5652173913043478 0.1610305958132045 0.14251207729468598
0 0.8063607085346216 0.5301932367149759 0.12962962962962962 0.09017713365539452
0 0.6751207729468599 0.5 0.12640901771336555 0.04750402576489533
0 0.9859098228663447 0.5092592592592593 0.026570048309178744 0.05636070853462158
0 0.8917069243156199 0.4963768115942029 0.09903381642512077 0.033816425120772944
