0 0.960950080515298 0.5744766505636071 0.07648953301127215 0.13365539452495975
0 0.5853462157809984 0.5261674718196457 0.07729468599033816 0.05152979066022544
0 0.05958132045088567 0.5780998389694042 0.11916264090177134 0.14412238325281804
0 0.09943639291465378 0.5563607085346216 0.19887278582930756 0.107085346215781
0 0.22181964573268922 0.535024154589372 0.1972624798711755 0.06602254428341385
0 0.27898550724637683 0.5277777777777778 0.1360708534621578 0.04830917874396135
0 0.5414653784219001 0.5144927536231884 0.04750402576489533 0.033011272141706925
0 0.3780193236714976 0.5132850241545893 0.08293075684380032 0.028985507246376812
0 0.37962962962962965 0.5048309178743962 0.05555555555555555 0.02818035426731079
0 0.5152979066022544 0.501207729468599 0.01932367149758454 0.017713365539452495
