0 0.4814665592264303 0.5068493150684932 0.0346494762288477 0.031426269137792104
0 0.0991136180499597 0.5713134568896051 0.1982272360999194 0.1587429492344883
0 0.0789685737308622 0.5467365028203062 0.1579371474617244 0.088638195004029
0 0.22320709105560033 0.5209508460918614 0.11442385173247381 0.06124093473005641
0 0.35052377115229655 0.5278001611603546 0.09508460918614021 0.062046736502820304
0 0.3058017727639001 0.5141015310233682 0.0684931506849315 0.0378726833199033
0 0.41740531829170024 0.5116841257050766 0.045124899274778404 0.031426269137792104
0 0.3827558420628525 0.5040290088638195 0.032232070910556 0.020950846091861403
1 0.4411764705882353 0.4935535858178888 0.023368251410153102 0.0273972602739726
0 0.023771152296535054 0.532232070910556 0.04754230459307011 0.06607574536663981
0 0.11925866236905722 0.5217566478646253 0.11925866236905722 0.0499597099113618
