0 0.4963768115942029 0.5056360708534622 0.03462157809983897 0.033011272141706925
0 0.8530595813204509 0.572061191626409 0.25523349436392917 0.15619967793880837
0 0.7242351046698873 0.5398550724637681 0.1859903381642512 0.1143317230273752
0 0.6735104669887279 0.5249597423510467 0.15539452495974235 0.07326892109500806
0 0.6364734299516909 0.5140901771336553 0.12640901771336555 0.061191626409017714
0 0.6179549114331723 0.5120772946859904 0.09420289855072464 0.04589371980676329
0 0.6014492753623188 0.5072463768115942 0.09178743961352658 0.036231884057971016
0 0.4355877616747182 0.4971819645732689 0.01610305958132045 0.011272141706924315
0 0.4001610305958132 0.5048309178743962 0.028985507246376812 0.020128824476650563
0 0.5676328502415459 0.500402576489533 0.06602254428341385 0.02576489533011272
0 0.5487117552334944 0.49879227053140096 0.05394524959742351 0.020933977455716585
1 0.5362318840579711 0.4943639291465378 0.043478260869565216 0.020128824476650563
0 0.3884863123993559 0.49798711755233493 0.023349436392914653 0.01610305958132045
0 0.3667471819645733 0.4967793880837359 0.015297906602254429 0.012077294685990338
