0 0.8385668276972624 0.5813204508856683 0.321256038647343 0.13768115942028986
0 0.13123993558776167 0.5881642512077294 0.26247987117552335 0.12399355877616747
0 0.25644122383252815 0.5623993558776168 0.16344605475040258 0.10950080515297907
0 0.3389694041867955 0.538647342995169 0.10305958132045089 0.06682769726247988
0 0.6936392914653784 0.5559581320450886 0.19404186795491143 0.11594202898550725
0 0.6139291465378421 0.5281803542673108 0.08776167471819646 0.06521739130434782
0 0.8252818035426731 0.501207729468599 0.13043478260869565 0.05636070853462158
0 0.533011272141707 0.5076489533011272 0.037037037037037035 0.02576489533011272
0 0.49033816425120774 0.5044283413848631 0.028985507246376812 0.01610305958132045
0 0.46215780998389694 0.5020128824476651 0.0322061191626409 0.014492753623188406
5 0.4074074074074074 0.5028180354267311 0.014492753623188406 0.017713365539452495
