0 0.8788244766505636 0.5853462157809984 0.24074074074074073 0.12962962962962962
0 0.06561996779388084 0.5535426731078905 0.13123993558776167 0.1819645732689211
0 0.11594202898550725 0.5511272141706924 0.2318840579710145 0.1143317230273752
0 0.15579710144927536 0.5318035426731079 0.2632850241545894 0.09500805152979067
0 0.29307568438003223 0.5136876006441223 0.14009661835748793 0.050724637681159424
0 0.33776167471819646 0.5060386473429952 0.10386473429951691 0.04830917874396135
0 0.573268921095008 0.5181159420289855 0.061191626409017714 0.04508856682769726
0 0.715378421900161 0.5672302737520128 0.21014492753623187 0.13687600644122383
0 0.5422705314009661 0.5056360708534622 0.03784219001610306 0.033011272141706925
0 0.37318840579710144 0.5060386473429952 0.08454106280193237 0.030595813204508857
