1 0.36231884057971014 0.5040257648953301 0.030595813204508857 0.033011272141706925
5 0.46256038647342995 0.5293880837359098 0.04911433172302738 0.08051529790660225
0 0.6340579710144928 0.5426731078904992 0.11996779388083736 0.09420289855072464
0 0.538244766505636 0.5309983896940419 0.10547504025764895 0.0644122383252818
0 0.21739130434782608 0.533011272141707 0.0966183574879227 0.061996779388083734
1 0.250402576489533 0.5253623188405797 0.06602254428341385 0.05314009661835749
0 0.46859903381642515 0.5169082125603864 0.0644122383252818 0.04589371980676329
0 0.44323671497584544 0.5136876006441223 0.05555555555555555 0.036231884057971016
0 0.26529790660225444 0.5193236714975845 0.04106280193236715 0.03462157809983897
0 0.42069243156199676 0.5116747181964574 0.036231884057971016 0.027375201288244767
