0 0.4963768115942029 0.5056360708534622 0.03462157809983897 0.033011272141706925
0 0.9730273752012882 0.5652173913043478 0.05233494363929147 0.16988727858293076
0 0.8071658615136876 0.5656199677938808 0.23429951690821257 0.14653784219001612
0 0.7020933977455717 0.533816425120773 0.1723027375201288 0.10064412238325282
0 0.6614331723027376 0.5213365539452496 0.1457326892109501 0.06763285024154589
0 0.6288244766505636 0.5128824476650563 0.12077294685990338 0.0571658615136876
0 0.5974235104669887 0.5064412238325282 0.08856682769726248 0.03462157809983897
0 0.43760064412238325 0.4975845410628019 0.015297906602254429 0.010466988727858293
0 0.40499194847020936 0.5044283413848631 0.027375201288244767 0.01932367149758454
0 0.5656199677938808 0.5 0.06360708534621579 0.0249597423510467
0 0.5475040257648953 0.49879227053140096 0.05152979066022544 0.01932367149758454
1 0.535829307568438 0.4943639291465378 0.0426731078904992 0.020128824476650563
0 0.39090177133655396 0.49798711755233493 0.023349436392914653 0.01610305958132045
0 0.36835748792270534 0.4975845410628019 0.015297906602254429 0.012077294685990338
