0 0.9955716586151369 0.5676328502415459 0.007246376811594203 0.16505636070853463
0 0.3611111111111111 0.5503220611916264 0.18438003220611915 0.1111111111111111
0 0.8373590982286635 0.5780998389694042 0.32367149758454106 0.14412238325281804
0 0.7270531400966184 0.5531400966183575 0.17713365539452497 0.1215780998389694
0 0.9589371980676329 0.4975845410628019 0.08051529790660225 0.06521739130434782
1 0.9118357487922706 0.4975845410628019 0.16344605475040258 0.07648953301127215
1 0.8083735909822867 0.5032206119162641 0.14170692431561996 0.06843800322061191
0 0.4214975845410628 0.5209339774557166 0.071658615136876 0.050724637681159424
0 0.4496779388083736 0.5116747181964574 0.061996779388083734 0.03864734299516908
0 0.7242351046698873 0.499597423510467 0.07004830917874397 0.0322061191626409
0 0.6010466988727858 0.5064412238325282 0.039452495974235106 0.033011272141706925
0 0.4855072463768116 0.5036231884057971 0.037037037037037035 0.027375201288244767
2 0.5636070853462157 0.4859098228663446 0.037037037037037035 0.037037037037037035
