0 0.5060386473429952 0.5181159420289855 0.05394524959742351 0.05152979066022544
0 0.823268921095008 0.5603864734299517 0.2069243156199678 0.14412238325281804
0 0.6626409017713365 0.5237520128824477 0.13526570048309178 0.0644122383252818
0 0.05636070853462158 0.5668276972624798 0.11272141706924316 0.1360708534621578
0 0.07045088566827697 0.535426731078905 0.14090177133655393 0.08776167471819646
0 0.3397745571658615 0.5181159420289855 0.0821256038647343 0.04186795491143317
0 0.45933977455716585 0.499597423510467 0.029790660225442835 0.02254428341384863
0 0.2536231884057971 0.5165056360708534 0.09017713365539452 0.04186795491143317
0 0.3687600644122383 0.5076489533011272 0.05314009661835749 0.024154589371980676
0 0.5547504025764896 0.49597423510466987 0.01932367149758454 0.013687600644122383
0 0.14130434782608695 0.5185185185185185 0.11513687600644122 0.04106280193236715
