0 0.5893719806763285 0.5221417069243156 0.09178743961352658 0.07085346215780998
0 0.1570048309178744 0.5374396135265701 0.22544283413848631 0.08373590982286634
0 0.21497584541062803 0.5305958132045089 0.2222222222222222 0.07004830917874397
0 0.25885668276972623 0.5265700483091788 0.16022544283413848 0.0571658615136876
0 0.3289049919484702 0.5100644122383253 0.1247987117552335 0.05152979066022544
0 0.3115942028985507 0.5157004830917874 0.10466988727858294 0.04830917874396135
0 0.5636070853462157 0.5152979066022544 0.05958132045088567 0.04106280193236715
0 0.3361513687600644 0.5072463768115942 0.0893719806763285 0.04428341384863124
0 0.35829307568438 0.5064412238325282 0.09017713365539452 0.03462157809983897
0 0.5261674718196457 0.5044283413848631 0.02818035426731079 0.02254428341384863
0 0.5475040257648953 0.5112721417069244 0.043478260869565216 0.03462157809983897
