0 0.08011272141706924 0.5615942028985508 0.16022544283413848 0.1143317230273752
0 0.17270531400966183 0.5434782608695652 0.23268921095008052 0.08454106280193237
0 0.24194847020933977 0.53341384863124 0.19082125603864733 0.07407407407407407
0 0.27053140096618356 0.5253623188405797 0.13848631239935588 0.06602254428341385
0 0.2918679549114332 0.5205314009661836 0.16022544283413848 0.057971014492753624
0 0.2975040257648953 0.5161030595813204 0.10869565217391304 0.04750402576489533
0 0.3321256038647343 0.5136876006441223 0.10547504025764895 0.04106280193236715
0 0.33776167471819646 0.5128824476650563 0.11030595813204509 0.03784219001610306
0 0.36513687600644124 0.5080515297906603 0.08132045088566828 0.03462157809983897
0 0.3723832528180354 0.5024154589371981 0.08454106280193237 0.039452495974235106
5 0.4605475040257649 0.500402576489533 0.008051529790660225 0.01932367149758454
0 0.6026570048309179 0.5281803542673108 0.07971014492753623 0.06038647342995169
0 0.6747181964573269 0.5140901771336553 0.12560386473429952 0.0499194847020934
0 0.5921900161030595 0.5032206119162641 0.06682769726247988 0.029790660225442835
0 0.5237520128824477 0.5036231884057971 0.023349436392914653 0.017713365539452495
