0 0.10507246376811594 0.5849436392914654 0.21014492753623187 0.13043478260869565
0 0.19162640901771336 0.5881642512077294 0.27375201288244766 0.12399355877616747
0 0.7266505636070854 0.57085346215781 0.250402576489533 0.1457326892109501
0 0.7749597423510467 0.5088566827697263 0.18276972624798712 0.05555555555555555
0 0.3808373590982287 0.5165056360708534 0.0644122383252818 0.04508856682769726
0 0.571256038647343 0.5148953301127214 0.05877616747181964 0.04508856682769726
1 0.39855072463768115 0.5044283413848631 0.05314009661835749 0.0499194847020934
0 0.5523349436392915 0.5104669887278583 0.05152979066022544 0.036231884057971016
1 0.29307568438003223 0.49476650563607083 0.12721417069243157 0.04669887278582931
1 0.49074074074074076 0.4923510466988728 0.020128824476650563 0.020933977455716585
1 0.6276167471819646 0.4851046698872786 0.08132045088566828 0.0322061191626409
