0 0.0861513687600644 0.5422705314009661 0.1723027375201288 0.1642512077294686
5 0.358695652173913 0.5285829307568438 0.036231884057971016 0.06763285024154589
0 0.8904991948470209 0.5736714975845411 0.21739130434782608 0.1529790660225443
0 0.8305152979066023 0.5503220611916264 0.3083735909822866 0.0998389694041868
0 0.7713365539452496 0.5289855072463768 0.22383252818035426 0.09420289855072464
0 0.2689210950080515 0.5205314009661836 0.15136876006441224 0.04830917874396135
0 0.30636070853462155 0.5165056360708534 0.1215780998389694 0.04186795491143317
0 0.532608695652174 0.5120772946859904 0.04911433172302738 0.036231884057971016
0 0.37278582930756843 0.5040257648953301 0.0644122383252818 0.0249597423510467
0 0.5088566827697263 0.5024154589371981 0.02576489533011272 0.021739130434782608
1 0.4895330112721417 0.49114331723027377 0.014492753623188406 0.016908212560386472
