0 0.49315619967793883 0.5120772946859904 0.04589371980676329 0.03784219001610306
0 0.08132045088566828 0.572866344605475 0.16264090177133655 0.15458937198067632
0 0.26610305958132047 0.532608695652174 0.14251207729468598 0.08051529790660225
0 0.3176328502415459 0.5221417069243156 0.1280193236714976 0.061191626409017714
0 0.37359098228663445 0.5104669887278583 0.09500805152979067 0.03784219001610306
0 0.40136876006441224 0.5020128824476651 0.06521739130434782 0.02576489533011272
1 0.41867954911433175 0.4943639291465378 0.07085346215780998 0.03784219001610306
0 0.8691626409017713 0.5809178743961353 0.26006441223832527 0.13848631239935588
0 0.7290660225442834 0.5394524959742351 0.18760064412238325 0.11513687600644122
0 0.7318840579710145 0.5108695652173914 0.12238325281803543 0.04669887278582931
0 0.48993558776167473 0.5028180354267311 0.02818035426731079 0.02576489533011272
0 0.08132045088566828 0.534621578099839 0.16264090177133655 0.08293075684380032
0 0.19041867954911434 0.5225442834138486 0.11513687600644122 0.0571658615136876
1 0.8768115942028986 0.500805152979066 0.19001610305958133 0.06843800322061191
0 0.2359098228663446 0.49879227053140096 0.06280193236714976 0.030595813204508857
2 0.3506441223832528 0.4895330112721417 0.04106280193236715 0.029790660225442835
