0 0.48389694041867953 0.499194847020934 0.01932367149758454 0.018518518518518517
0 0.41183574879227053 0.5144927536231884 0.05233494363929147 0.039452495974235106
0 0.7781803542673108 0.5736714975845411 0.28421900161030594 0.1529790660225443
0 0.6409017713365539 0.5394524959742351 0.14009661835748793 0.10064412238325282
0 0.5938003220611916 0.5221417069243156 0.07809983896940419 0.07085346215780998
0 0.5523349436392915 0.5108695652173914 0.0499194847020934 0.03864734299516908
0 0.5249597423510467 0.5028180354267311 0.02576489533011272 0.02254428341384863
0 0.5398550724637681 0.5072463768115942 0.03784219001610306 0.033011272141706925
0 0.32689210950080516 0.5060386473429952 0.05636070853462158 0.020933977455716585
0 0.25523349436392917 0.5064412238325282 0.06280193236714976 0.021739130434782608
0 0.5124798711755234 0.4975845410628019 0.018518518518518517 0.015297906602254429
