0 0.07528180354267311 0.5821256038647343 0.15056360708534622 0.1360708534621578
0 0.3196457326892109 0.5519323671497585 0.13365539452495975 0.09339774557165861
0 0.1723027375201288 0.5599838969404187 0.18840579710144928 0.10144927536231885
5 0.7246376811594203 0.5515297906602254 0.13526570048309178 0.11030595813204509
5 0.8144122383252818 0.5668276972624798 0.16344605475040258 0.14251207729468598
0 0.4138486312399356 0.5161030595813204 0.04669887278582931 0.039452495974235106
0 0.44122383252818037 0.5080515297906603 0.02576489533011272 0.023349436392914653
1 0.4504830917874396 0.5 0.021739130434782608 0.0249597423510467
0 0.5563607085346216 0.5108695652173914 0.0821256038647343 0.0322061191626409
0 0.5241545893719807 0.5036231884057971 0.05475040257648953 0.02254428341384863
1 0.4605475040257649 0.4971819645732689 0.01610305958132045 0.01610305958132045
1 0.3832528180354267 0.5197262479871175 0.07890499194847021 0.06924315619967794
