0 0.10466988727858294 0.5821256038647343 0.20933977455716588 0.1360708534621578
0 0.9323671497584541 0.5116747181964574 0.13365539452495975 0.09017713365539452
0 0.8607085346215781 0.5096618357487923 0.13526570048309178 0.06843800322061191
0 0.8055555555555556 0.5036231884057971 0.12640901771336555 0.05958132045088567
0 0.7652979066022544 0.5044283413848631 0.11835748792270531 0.04669887278582931
0 0.7298711755233495 0.4967793880837359 0.09259259259259259 0.039452495974235106
0 0.6876006441223832 0.5446859903381642 0.16586151368760063 0.11594202898550725
0 0.6199677938808373 0.5225442834138486 0.0821256038647343 0.0571658615136876
0 0.3534621578099839 0.5281803542673108 0.11272141706924316 0.07326892109500806
1 0.3993558776167472 0.5084541062801933 0.0821256038647343 0.0644122383252818
0 0.6586151368760065 0.4943639291465378 0.08373590982286634 0.036231884057971016
0 0.427938808373591 0.5132850241545893 0.04911433172302738 0.040257648953301126
0 0.44082125603864736 0.5068438003220612 0.0426731078904992 0.0322061191626409
0 0.5217391304347826 0.4971819645732689 0.05314009661835749 0.01932367149758454
2 0.5273752012882448 0.4826892109500805 0.05152979066022544 0.05475040257648953
