0 0.5906526994359388 0.523771152296535 0.07413376309427881 0.052377115229653506
0 0.12530217566478646 0.5749395648670427 0.2506043513295729 0.1514907332796132
0 0.5225624496373892 0.5024174053182917 0.0265914585012087 0.020950846091861403
0 0.3029814665592264 0.540692989524577 0.14020950846091862 0.0862207896857373
0 0.18573730862207896 0.5278001611603546 0.1297340854149879 0.060435132957292505
0 0.3835616438356164 0.5124899274778405 0.0547945205479452 0.0394842868654311
0 0.29331184528605964 0.5136986301369864 0.064464141821112 0.035455278001611606
1 0.33924254633360196 0.5032232070910556 0.040290088638195005 0.032232070910556
0 0.41821112006446415 0.5060435132957293 0.032232070910556 0.023368251410153102
1 0.3726833199033038 0.5 0.0378726833199033 0.0257856567284448
0 0.43432715551974216 0.5024174053182917 0.0257856567284448 0.017727639000805803
0 0.4846897663174859 0.5028203062046737 0.023368251410153102 0.021756647864625302
