0 0.9887278582930756 0.5559581320450886 0.020933977455716585 0.18840579710144928
0 0.9935587761674718 0.5615942028985508 0.011272141706924315 0.1723027375201288
1 0.39331723027375204 0.5104669887278583 0.05877616747181964 0.06360708534621579
1 0.8115942028985508 0.4895330112721417 0.26247987117552335 0.10225442834138486
0 0.18075684380032206 0.5241545893719807 0.107085346215781 0.05233494363929147
0 0.07528180354267311 0.5205314009661836 0.14090177133655393 0.07085346215780998
0 0.31843800322061194 0.5056360708534622 0.04750402576489533 0.03462157809983897
0 0.572866344605475 0.5072463768115942 0.07971014492753623 0.04428341384863124
0 0.43438003220611915 0.49557165861513686 0.029790660225442835 0.027375201288244767
1 0.47020933977455714 0.4855072463768116 0.030595813204508857 0.03462157809983897
0 0.6256038647342995 0.5052334943639292 0.0821256038647343 0.04669887278582931
0 0.6908212560386473 0.5060386473429952 0.0966183574879227 0.03864734299516908
1 0.9625603864734299 0.4806763285024155 0.07326892109500806 0.061996779388083734
2 0.4311594202898551 0.4822866344605475 0.033011272141706925 0.04911433172302738
