0 0.6731078904991948 0.5434782608695652 0.1819645732689211 0.13285024154589373
0 0.09541062801932366 0.571658615136876 0.19082125603864733 0.14412238325281804
0 0.12238325281803543 0.5507246376811594 0.24476650563607086 0.10225442834138486
0 0.1723027375201288 0.532608695652174 0.20933977455716588 0.07890499194847021
0 0.2616747181964573 0.5140901771336553 0.18357487922705315 0.07407407407407407
0 0.23148148148148148 0.5257648953301127 0.16505636070853463 0.07326892109500806
0 0.604669887278583 0.5249597423510467 0.09339774557165861 0.061996779388083734
0 0.2830112721417069 0.5108695652173914 0.1280193236714976 0.061191626409017714
0 0.32367149758454106 0.5092592592592593 0.11916264090177134 0.04508856682769726
0 0.36835748792270534 0.5044283413848631 0.08293075684380032 0.030595813204508857
0 0.3856682769726248 0.49798711755233493 0.06763285024154589 0.0322061191626409
0 0.538647342995169 0.5044283413848631 0.03542673107890499 0.027375201288244767
0 0.572866344605475 0.5144927536231884 0.061996779388083734 0.04750402576489533
