0 0.12399355877616747 0.5785024154589372 0.24798711755233493 0.143317230273752
0 0.9122383252818036 0.48389694041867953 0.17391304347826086 0.08293075684380032
0 0.9782608695652174 0.47624798711755234 0.04186795491143317 0.04508856682769726
0 0.35909822866344604 0.5245571658615137 0.08373590982286634 0.05152979066022544
0 0.28421900161030594 0.5438808373590982 0.1529790660225443 0.09017713365539452
0 0.6143317230273752 0.5060386473429952 0.06280193236714976 0.040257648953301126
0 0.39814814814814814 0.5144927536231884 0.05555555555555555 0.039452495974235106
0 0.4255233494363929 0.5104669887278583 0.036231884057971016 0.02818035426731079
0 0.5322061191626409 0.5052334943639292 0.033816425120772944 0.027375201288244767
0 0.6235909822866345 0.5028180354267311 0.09420289855072464 0.0322061191626409
0 0.5680354267310789 0.500402576489533 0.04106280193236715 0.02254428341384863
0 0.5116747181964574 0.49074074074074076 0.036231884057971016 0.011272141706924315
0 0.4214975845410628 0.4927536231884058 0.03140096618357488 0.010466988727858293
