0 0.9094202898550725 0.5829307568438004 0.17954911433172302 0.13446054750402575
0 0.09219001610305957 0.5374396135265701 0.18438003220611915 0.07568438003220612
5 0.8639291465378421 0.5217391304347826 0.11755233494363929 0.07971014492753623
0 0.45893719806763283 0.5032206119162641 0.0821256038647343 0.033011272141706925
0 0.6606280193236715 0.4975845410628019 0.08454106280193237 0.0249597423510467
1 0.8800322061191627 0.49114331723027377 0.08856682769726248 0.033011272141706925
0 0.5028180354267311 0.500402576489533 0.050724637681159424 0.02254428341384863
0 0.2528180354267311 0.5072463768115942 0.07729468599033816 0.02818035426731079
0 0.4669887278582931 0.49838969404186795 0.020933977455716585 0.013687600644122383
0 0.43438003220611915 0.49838969404186795 0.0249597423510467 0.015297906602254429
