0 0.9838969404186796 0.48470209339774556 0.030595813204508857 0.107085346215781
0 0.32407407407407407 0.5398550724637681 0.11674718196457327 0.07085346215780998
0 0.1747181964573269 0.5768921095008052 0.2898550724637681 0.14653784219001612
0 0.6497584541062802 0.5116747181964574 0.08373590982286634 0.0499194847020934
0 0.3824476650563607 0.5209339774557166 0.07246376811594203 0.04911433172302738
0 0.41988727858293073 0.5161030595813204 0.04428341384863124 0.03462157809983897
0 0.4331723027375201 0.5116747181964574 0.03864734299516908 0.028985507246376812
0 0.5450885668276972 0.5088566827697263 0.037037037037037035 0.03140096618357488
0 0.6545893719806763 0.5028180354267311 0.1143317230273752 0.03864734299516908
0 0.5599838969404187 0.5068438003220612 0.04428341384863124 0.02576489533011272
0 0.5857487922705314 0.5032206119162641 0.04589371980676329 0.0249597423510467
0 0.49879227053140096 0.49355877616747185 0.03140096618357488 0.010466988727858293
