0 0.48389694041867953 0.5 0.01932367149758454 0.018518518518518517
0 0.3836553945249597 0.5253623188405797 0.07648953301127215 0.05636070853462158
0 0.8582930756843801 0.5752818035426731 0.28180354267310787 0.1497584541062802
0 0.7133655394524959 0.5668276972624798 0.2286634460547504 0.1537842190016103
0 0.6227858293075684 0.533011272141707 0.10386473429951691 0.09259259259259259
0 0.5615942028985508 0.5144927536231884 0.05877616747181964 0.04428341384863124
0 0.5273752012882448 0.5040257648953301 0.028985507246376812 0.0249597423510467
0 0.5466988727858293 0.5092592592592593 0.043478260869565216 0.037037037037037035
0 0.3148148148148148 0.5084541062801933 0.061191626409017714 0.02254428341384863
0 0.23711755233494364 0.5096618357487923 0.06843800322061191 0.023349436392914653
0 0.5144927536231884 0.499597423510467 0.01932367149758454 0.01610305958132045
