0 0.4826892109500805 0.5140901771336553 0.04750402576489533 0.037037037037037035
0 0.21457326892109502 0.5479066022544283 0.17310789049919484 0.09339774557165861
0 0.32085346215780997 0.5229468599033816 0.1247987117552335 0.057971014492753624
0 0.3961352657004831 0.5044283413848631 0.07407407407407407 0.030595813204508857
0 0.9186795491143317 0.5821256038647343 0.1610305958132045 0.1360708534621578
0 0.5962157809983897 0.5205314009661836 0.07004830917874397 0.04669887278582931
1 0.5410628019323671 0.49879227053140096 0.03864734299516908 0.037037037037037035
0 0.16626409017713364 0.5253623188405797 0.1215780998389694 0.05314009661835749
0 0.49315619967793883 0.5064412238325282 0.03140096618357488 0.02818035426731079
0 0.0889694041867955 0.5161030595813204 0.11513687600644122 0.039452495974235106
