0 0.49516908212560384 0.5076489533011272 0.033816425120772944 0.0322061191626409
0 0.09017713365539452 0.534621578099839 0.15458937198067632 0.061996779388083734
0 0.19766505636070852 0.5201288244766505 0.107085346215781 0.04911433172302738
0 0.644122383252818 0.5169082125603864 0.11272141706924316 0.0571658615136876
0 0.6276167471819646 0.5136876006441223 0.10547504025764895 0.04750402576489533
0 0.5929951690821256 0.5112721417069244 0.09098228663446055 0.03784219001610306
0 0.5772946859903382 0.5080515297906603 0.07729468599033816 0.036231884057971016
0 0.5628019323671497 0.5036231884057971 0.0644122383252818 0.028985507246376812
0 0.4424315619967794 0.499194847020934 0.013687600644122383 0.010466988727858293
1 0.5269726247987118 0.49516908212560384 0.03462157809983897 0.015297906602254429
0 0.41304347826086957 0.49798711755233493 0.017713365539452495 0.01288244766505636
