0 0.08333333333333333 0.5583735909822867 0.16666666666666666 0.17713365539452497
0 0.8510466988727858 0.5809178743961353 0.2962962962962963 0.13848631239935588
0 0.6038647342995169 0.5285829307568438 0.0966183574879227 0.07729468599033816
0 0.12077294685990338 0.5527375201288245 0.24154589371980675 0.10305958132045089
0 0.19847020933977455 0.5398550724637681 0.19404186795491143 0.07890499194847021
0 0.22745571658615138 0.5301932367149759 0.20048309178743962 0.06924315619967794
0 0.5696457326892109 0.5173107890499195 0.06360708534621579 0.043478260869565216
0 0.5422705314009661 0.5084541062801933 0.03784219001610306 0.033816425120772944
0 0.3691626409017713 0.5028180354267311 0.06521739130434782 0.03542673107890499
0 0.3973429951690821 0.5068438003220612 0.0571658615136876 0.02254428341384863
0 0.5237520128824477 0.5028180354267311 0.023349436392914653 0.01932367149758454
