0 0.49476650563607083 0.5181159420289855 0.0426731078904992 0.03542673107890499
0 0.18639291465378421 0.5656199677938808 0.21658615136876005 0.12399355877616747
0 0.2673107890499195 0.5418679549114331 0.15942028985507245 0.08776167471819646
0 0.34057971014492755 0.5213365539452496 0.10628019323671498 0.04830917874396135
1 0.3780193236714976 0.5028180354267311 0.11513687600644122 0.06602254428341385
0 0.9875201288244766 0.5450885668276972 0.023349436392914653 0.11835748792270531
1 0.5281803542673108 0.501207729468599 0.027375201288244767 0.02576489533011272
0 0.4919484702093398 0.5092592592592593 0.027375201288244767 0.02576489533011272
1 0.4086151368760064 0.5076489533011272 0.08132045088566828 0.03542673107890499
0 0.05555555555555555 0.5205314009661836 0.1111111111111111 0.05636070853462158
0 0.14009661835748793 0.5169082125603864 0.08695652173913043 0.03462157809983897
0 0.22020933977455717 0.5229468599033816 0.11030595813204509 0.05314009661835749
2 0.30676328502415456 0.49597423510466987 0.061191626409017714 0.04106280193236715
