0 0.8687600644122383 0.5748792270531401 0.2608695652173913 0.15056360708534622
0 0.3832528180354267 0.5281803542673108 0.10628019323671498 0.09581320450885668
0 0.09621578099838969 0.5861513687600645 0.19243156199677938 0.1280193236714976
0 0.6324476650563607 0.5281803542673108 0.09098228663446055 0.05555555555555555
0 0.716183574879227 0.5519323671497585 0.16022544283413848 0.0998389694041868
0 0.46215780998389694 0.5064412238325282 0.028985507246376812 0.026570048309178744
0 0.42028985507246375 0.5205314009661836 0.06280193236714976 0.05152979066022544
0 0.6090982286634461 0.5189210950080515 0.0571658615136876 0.043478260869565216
0 0.5853462157809984 0.5116747181964574 0.043478260869565216 0.0322061191626409
0 0.57085346215781 0.5080515297906603 0.037037037037037035 0.026570048309178744
