0 0.822061191626409 0.5768921095008052 0.35426731078904994 0.14653784219001612
0 0.604669887278583 0.5229468599033816 0.09017713365539452 0.07407407407407407
0 0.21578099838969403 0.5265700483091788 0.214170692431562 0.0748792270531401
0 0.26610305958132047 0.5197262479871175 0.16022544283413848 0.06280193236714976
0 0.27334943639291465 0.5108695652173914 0.12640901771336555 0.06602254428341385
0 0.2971014492753623 0.5144927536231884 0.10789049919484701 0.0426731078904992
0 0.3442028985507246 0.5084541062801933 0.09742351046698873 0.037037037037037035
0 0.3635265700483092 0.5080515297906603 0.0893719806763285 0.036231884057971016
0 0.36312399355877617 0.5036231884057971 0.07246376811594203 0.03542673107890499
0 0.3711755233494364 0.5032206119162641 0.09017713365539452 0.033011272141706925
0 0.40096618357487923 0.4943639291465378 0.05958132045088567 0.02818035426731079
5 0.4665861513687601 0.4939613526570048 0.005636070853462158 0.014492753623188406
0 0.5466988727858293 0.5072463768115942 0.03864734299516908 0.029790660225442835
0 0.5128824476650563 0.49597423510466987 0.017713365539452495 0.013687600644122383
