0 0.5072463768115942 0.5197262479871175 0.05314009661835749 0.0499194847020934
0 0.7399355877616747 0.535024154589372 0.17552334943639292 0.0998389694041868
0 0.6151368760064412 0.5144927536231884 0.0853462157809984 0.04428341384863124
0 0.5797101449275363 0.5096618357487923 0.07246376811594203 0.03140096618357488
0 0.05676328502415459 0.572463768115942 0.11352657004830918 0.1280193236714976
0 0.3494363929146538 0.5157004830917874 0.06280193236714976 0.040257648953301126
0 0.42069243156199676 0.5056360708534622 0.03462157809983897 0.023349436392914653
0 0.2105475040257649 0.5249597423510467 0.107085346215781 0.04589371980676329
0 0.2721417069243156 0.5144927536231884 0.06602254428341385 0.04106280193236715
0 0.4665861513687601 0.500402576489533 0.0249597423510467 0.014492753623188406
0 0.3425925925925926 0.5076489533011272 0.04750402576489533 0.02576489533011272
0 0.40418679549114334 0.5048309178743962 0.03864734299516908 0.016908212560386472
0 0.05998389694041868 0.5233494363929146 0.11674718196457327 0.04750402576489533
0 0.0853462157809984 0.5128824476650563 0.10466988727858294 0.03140096618357488
0 0.5374396135265701 0.4975845410628019 0.018518518518518517 0.012077294685990338
