0 0.499597423510467 0.5177133655394525 0.05394524959742351 0.04428341384863124
1 0.785024154589372 0.5454911433172303 0.2834138486312399 0.20933977455716588
1 0.07689210950080515 0.5120772946859904 0.1537842190016103 0.07326892109500806
0 0.23067632850241546 0.5414653784219001 0.18276972624798712 0.10789049919484701
0 0.28784219001610306 0.5314009661835749 0.1537842190016103 0.07004830917874397
0 0.3321256038647343 0.5225442834138486 0.1360708534621578 0.05555555555555555
0 0.3892914653784219 0.5104669887278583 0.08132045088566828 0.039452495974235106
0 0.427938808373591 0.501207729468599 0.0571658615136876 0.02254428341384863
0 0.6139291465378421 0.5213365539452496 0.07648953301127215 0.04830917874396135
0 0.5821256038647343 0.5084541062801933 0.05314009661835749 0.040257648953301126
0 0.4939613526570048 0.5052334943639292 0.03140096618357488 0.028985507246376812
0 0.19806763285024154 0.5028180354267311 0.08051529790660225 0.0322061191626409
