0 0.47784045124899277 0.5072522159548751 0.035455278001611606 0.032232070910556
0 0.15189363416599516 0.5713134568896051 0.3037872683319903 0.1587429492344883
0 0.060435132957292505 0.556406124093473 0.12087026591458501 0.10475423045930701
0 0.2679290894439968 0.515310233682514 0.0862207896857373 0.0499597099113618
0 0.3678485092667204 0.5217566478646253 0.07655116841257051 0.0515713134568896
0 0.3271555197421434 0.5104754230459307 0.05640612409347301 0.032232070910556
0 0.41982272360999195 0.5100725221595488 0.040290088638195005 0.028203062046736505
0 0.38839645447219984 0.5032232070910556 0.029008863819500404 0.019339242546333603
1 0.4411764705882353 0.4939564867042707 0.021756647864625302 0.0265914585012087
0 0.06768734891216761 0.5286059629331185 0.13537469782433523 0.060435132957292505
0 0.18170829975825947 0.516116035455278 0.08783239323126511 0.040290088638195005
