0 0.5249798549556809 0.5040290088638195 0.021756647864625302 0.017727639000805803
0 0.2570507655116841 0.5471394037066881 0.1643835616438356 0.10072522159548751
0 0.07332796132151491 0.5495568090249798 0.14665592264302982 0.09750201450443191
1 0.1990330378726833 0.5181305398871877 0.1095890410958904 0.0684931506849315
0 0.8775181305398871 0.5729250604351329 0.24335213537469783 0.15551974214343273
0 0.3799355358581789 0.5173247381144238 0.060435132957292505 0.0394842868654311
1 0.290491539081386 0.5092667203867849 0.08299758259468171 0.04915390813859791
0 0.41136180499597097 0.5112812248186946 0.0410958904109589 0.029008863819500404
0 0.4951651893634166 0.508058017727639 0.031426269137792104 0.029008863819500404
0 0.35052377115229655 0.5088638195004029 0.045124899274778404 0.0273972602739726
0 0.43674456083803387 0.5044319097502015 0.019339242546333603 0.016921837228041903
1 0.3718775181305399 0.5024174053182917 0.0362610797743755 0.0273972602739726
