0 0.8856682769726248 0.5696457326892109 0.22705314009661837 0.13687600644122383
0 0.12640901771336555 0.5438808373590982 0.2528180354267311 0.10466988727858294
0 0.5289855072463768 0.5064412238325282 0.027375201288244767 0.020128824476650563
0 0.3888888888888889 0.5056360708534622 0.07568438003220612 0.02818035426731079
0 0.6203703703703703 0.5128824476650563 0.09259259259259259 0.03462157809983897
0 0.32004830917874394 0.5140901771336553 0.12318840579710146 0.05152979066022544
0 0.29347826086956524 0.5249597423510467 0.15217391304347827 0.05555555555555555
0 0.20088566827697263 0.5374396135265701 0.23752012882447665 0.0821256038647343
0 0.714170692431562 0.5237520128824477 0.14009661835748793 0.05636070853462158
0 0.7532206119162641 0.5322061191626409 0.16505636070853463 0.06038647342995169
