0 0.501207729468599 0.5112721417069244 0.05233494363929147 0.04911433172302738
0 0.8510466988727858 0.5688405797101449 0.23510466988727857 0.16264090177133655
0 0.7455716586151369 0.5273752012882448 0.16908212560386474 0.10225442834138486
1 0.6352657004830918 0.5040257648953301 0.13043478260869565 0.07004830917874397
0 0.5909822866344605 0.5044283413848631 0.08695652173913043 0.037037037037037035
0 0.5563607085346216 0.49557165861513686 0.05314009661835749 0.02254428341384863
0 0.5450885668276972 0.4943639291465378 0.037037037037037035 0.016908212560386472
0 0.2250402576489533 0.5116747181964574 0.09259259259259259 0.04508856682769726
1 0.37318840579710144 0.4923510466988728 0.06038647342995169 0.05314009661835749
0 0.28180354267310787 0.5080515297906603 0.061191626409017714 0.03462157809983897
0 0.3248792270531401 0.5052334943639292 0.04428341384863124 0.02254428341384863
0 0.3804347826086957 0.4971819645732689 0.03140096618357488 0.01610305958132045
0 0.22061191626409019 0.5064412238325282 0.0499194847020934 0.02818035426731079
