0 0.3973429951690821 0.49033816425120774 0.0426731078904992 0.033011272141706925
0 0.42632850241545894 0.4927536231884058 0.0426731078904992 0.0249597423510467
0 0.4673913043478261 0.4915458937198068 0.050724637681159424 0.020933977455716585
1 0.5833333333333334 0.48711755233494364 0.050724637681159424 0.02818035426731079
0 0.605475040257649 0.48792270531400966 0.03864734299516908 0.018518518518518517
0 0.6384863123993558 0.48752012882447665 0.04186795491143317 0.01932367149758454
0 0.6634460547504025 0.4891304347826087 0.04830917874396135 0.01610305958132045
0 0.6871980676328503 0.4891304347826087 0.036231884057971016 0.01610305958132045
0 0.7073268921095008 0.4895330112721417 0.039452495974235106 0.015297906602254429
0 0.7286634460547504 0.4883252818035427 0.04669887278582931 0.01610305958132045
1 0.7669082125603864 0.4830917874396135 0.050724637681159424 0.021739130434782608
0 0.7866344605475041 0.4855072463768116 0.04508856682769726 0.015297906602254429
0 0.8039452495974235 0.4859098228663446 0.039452495974235106 0.014492753623188406
