0 0.6513687600644122 0.538647342995169 0.13687600644122383 0.10547504025764895
0 0.12842190016103058 0.5491143317230274 0.25684380032206117 0.10869565217391304
0 0.18961352657004832 0.532608695652174 0.22302737520128824 0.0853462157809984
0 0.214170692431562 0.5205314009661836 0.16747181964573268 0.0853462157809984
0 0.25120772946859904 0.5217391304347826 0.13687600644122383 0.05233494363929147
0 0.3168276972624799 0.5165056360708534 0.11835748792270531 0.04508856682769726
0 0.34098228663446056 0.5144927536231884 0.107085346215781 0.0426731078904992
0 0.3442028985507246 0.5084541062801933 0.08454106280193237 0.04186795491143317
0 0.35466988727858295 0.5064412238325282 0.10386473429951691 0.03784219001610306
0 0.392512077294686 0.49557165861513686 0.06521739130434782 0.030595813204508857
5 0.464573268921095 0.49516908212560384 0.00644122383252818 0.015297906602254429
0 0.5571658615136876 0.5128824476650563 0.04508856682769726 0.036231884057971016
0 0.6135265700483091 0.5040257648953301 0.08373590982286634 0.03462157809983897
0 0.5157004830917874 0.49798711755233493 0.018518518518518517 0.014492753623188406
