0 0.5221417069243156 0.534621578099839 0.08454106280193237 0.07971014492753623
0 0.6348631239935588 0.5132850241545893 0.10386473429951691 0.04830917874396135
0 0.5861513687600645 0.5080515297906603 0.061191626409017714 0.029790660225442835
0 0.5660225442834138 0.5052334943639292 0.05475040257648953 0.02254428341384863
0 0.21256038647342995 0.5394524959742351 0.12721417069243157 0.06682769726247988
0 0.08293075684380032 0.5434782608695652 0.16586151368760063 0.06521739130434782
0 0.41988727858293073 0.5056360708534622 0.03140096618357488 0.021739130434782608
0 0.46497584541062803 0.500805152979066 0.023349436392914653 0.015297906602254429
0 0.49114331723027377 0.49798711755233493 0.017713365539452495 0.01288244766505636
0 0.3059581320450886 0.5144927536231884 0.061191626409017714 0.029790660225442835
0 0.3385668276972625 0.5088566827697263 0.0426731078904992 0.029790660225442835
0 0.3820450885668277 0.5048309178743962 0.036231884057971016 0.020128824476650563
0 0.42713365539452497 0.5036231884057971 0.033011272141706925 0.014492753623188406
0 0.20893719806763286 0.5132850241545893 0.06521739130434782 0.030595813204508857
0 0.19766505636070852 0.5080515297906603 0.07004830917874397 0.023349436392914653
