0 0.49315619967793883 0.5132850241545893 0.04589371980676329 0.037037037037037035
0 0.23349436392914655 0.538647342995169 0.1610305958132045 0.09420289855072464
0 0.29871175523349436 0.5269726247987118 0.14009661835748793 0.06924315619967794
0 0.3639291465378422 0.5120772946859904 0.10144927536231885 0.04106280193236715
0 0.39895330112721417 0.5044283413848631 0.06682769726247988 0.027375201288244767
1 0.41586151368760066 0.4943639291465378 0.0748792270531401 0.039452495974235106
0 0.9017713365539453 0.5809178743961353 0.19484702093397746 0.13848631239935588
0 0.7741545893719807 0.5503220611916264 0.2391304347826087 0.14009661835748793
0 0.7479871175523349 0.5108695652173914 0.1320450885668277 0.0499194847020934
0 0.4895330112721417 0.5036231884057971 0.027375201288244767 0.02576489533011272
0 0.059178743961352656 0.538647342995169 0.11835748792270531 0.09259259259259259
0 0.15579710144927536 0.5241545893719807 0.13446054750402575 0.06360708534621579
1 0.9005636070853462 0.5048309178743962 0.1972624798711755 0.0748792270531401
0 0.22383252818035426 0.5020128824476651 0.06763285024154589 0.0322061191626409
2 0.3470209339774557 0.49033816425120774 0.04186795491143317 0.03140096618357488
