0 0.4939613526570048 0.5185185185185185 0.0426731078904992 0.036231884057971016
0 0.12077294685990338 0.5780998389694042 0.24154589371980675 0.14412238325281804
0 0.22665056360708535 0.5547504025764896 0.18276972624798712 0.107085346215781
0 0.32608695652173914 0.5261674718196457 0.11594202898550725 0.05314009661835749
1 0.3671497584541063 0.5028180354267311 0.12399355877616747 0.07246376811594203
1 0.5293880837359098 0.5 0.02818035426731079 0.026570048309178744
0 0.4919484702093398 0.5096618357487923 0.027375201288244767 0.0249597423510467
1 0.40418679549114334 0.5088566827697263 0.0853462157809984 0.03784219001610306
0 0.038244766505636074 0.5209339774557166 0.07648953301127215 0.0571658615136876
0 0.11312399355877617 0.5205314009661836 0.09742351046698873 0.037037037037037035
0 0.1928341384863124 0.5281803542673108 0.12962962962962962 0.06038647342995169
0 0.2721417069243156 0.5173107890499195 0.07246376811594203 0.04186795491143317
2 0.2995169082125604 0.4967793880837359 0.0644122383252818 0.0426731078904992
