0 0.6007252215954875 0.5253827558420628 0.08299758259468171 0.057211925866236905
0 0.20386784850926673 0.5688960515713135 0.24818694601128122 0.14907332796132153
0 0.5273972602739726 0.5020145044319098 0.029814665592264304 0.021756647864625302
0 0.058823529411764705 0.5499597099113618 0.11764705882352941 0.1031426269137792
0 0.34286865431103947 0.5278001611603546 0.10072522159548751 0.0652699435938759
0 0.23690572119258663 0.5209508460918614 0.09830781627719581 0.048348106365834004
0 0.31023368251410155 0.5120870265914585 0.05640612409347301 0.032232070910556
1 0.3509266720386785 0.5020145044319098 0.0362610797743755 0.029814665592264304
0 0.4234488315874295 0.5048348106365834 0.029814665592264304 0.020950846091861403
1 0.3799355358581789 0.4983883964544722 0.0346494762288477 0.024174053182917002
0 0.435535858178888 0.5012087026591459 0.021756647864625302 0.016921837228041903
0 0.48509266720386784 0.5016116035455278 0.022562449637389202 0.020950846091861403
0 0.5028203062046737 0.49717969379532634 0.011281224818694601 0.010475423045930701
