0 0.4895330112721417 0.5092592592592593 0.04508856682769726 0.037037037037037035
0 0.16344605475040258 0.5801127214170693 0.32689210950080516 0.14009661835748793
0 0.05837359098228664 0.5813204508856683 0.11674718196457327 0.13768115942028986
0 0.1356682769726248 0.5547504025764896 0.17149758454106281 0.10064412238325282
0 0.2914653784219002 0.5217391304347826 0.1111111111111111 0.05233494363929147
0 0.3192431561996779 0.5148953301127214 0.10225442834138486 0.04830917874396135
0 0.35829307568438 0.5092592592592593 0.07407407407407407 0.030595813204508857
0 0.4388083735909823 0.5088566827697263 0.040257648953301126 0.029790660225442835
0 0.39573268921095006 0.501610305958132 0.06360708534621579 0.0249597423510467
0 0.5772946859903382 0.5173107890499195 0.0644122383252818 0.04669887278582931
2 0.5632045088566827 0.4826892109500805 0.06682769726247988 0.07890499194847021
0 0.05314009661835749 0.5213365539452496 0.10628019323671498 0.04669887278582931
0 0.49114331723027377 0.5024154589371981 0.028985507246376812 0.026570048309178744
0 0.2322866344605475 0.5040257648953301 0.05555555555555555 0.026570048309178744
