0 0.8405797101449275 0.571256038647343 0.3172302737520129 0.15780998389694043
0 0.09581320450885668 0.5487117552334944 0.19162640901771336 0.12560386473429952
0 0.037037037037037035 0.5696457326892109 0.07407407407407407 0.15942028985507245
0 0.19122383252818034 0.537842190016103 0.23752012882447665 0.08776167471819646
0 0.21175523349436393 0.5281803542673108 0.16908212560386474 0.06682769726247988
0 0.29508856682769724 0.5132850241545893 0.10547504025764895 0.04669887278582931
0 0.3176328502415459 0.5132850241545893 0.10064412238325282 0.03864734299516908
1 0.3425925925925926 0.5048309178743962 0.10869565217391304 0.04750402576489533
0 0.6147342995169082 0.5056360708534622 0.07004830917874397 0.029790660225442835
0 0.5181159420289855 0.5020128824476651 0.029790660225442835 0.020933977455716585
