0 0.9380032206119162 0.5152979066022544 0.12238325281803543 0.09742351046698873
0 0.8804347826086957 0.5108695652173914 0.16505636070853463 0.06924315619967794
0 0.8051529790660226 0.5084541062801933 0.12399355877616747 0.05636070853462158
0 0.8631239935587761 0.572866344605475 0.2721417069243156 0.15458937198067632
0 0.7053140096618358 0.5527375201288245 0.17391304347826086 0.10628019323671498
0 0.2359098228663446 0.5672302737520128 0.24798711755233493 0.14492753623188406
1 0.34782608695652173 0.5185185185185185 0.1320450885668277 0.09903381642512077
0 0.7620772946859904 0.5032206119162641 0.10386473429951691 0.04589371980676329
0 0.6996779388083736 0.49516908212560384 0.10950080515297907 0.04589371980676329
1 0.6972624798711755 0.4939613526570048 0.1320450885668277 0.04508856682769726
0 0.3997584541062802 0.5161030595813204 0.071658615136876 0.05555555555555555
0 0.42310789049919484 0.5088566827697263 0.0571658615136876 0.04106280193236715
2 0.5301932367149759 0.4822866344605475 0.06360708534621579 0.06360708534621579
