0 0.8482286634460547 0.5696457326892109 0.30193236714975846 0.1610305958132045
0 0.07125603864734299 0.5551529790660226 0.14251207729468598 0.16908212560386474
0 0.11030595813204509 0.5471014492753623 0.22061191626409019 0.09178743961352658
0 0.22302737520128824 0.535829307568438 0.19162640901771336 0.07085346215780998
0 0.27697262479871176 0.5273752012882448 0.16264090177133655 0.06360708534621579
0 0.2942834138486312 0.5221417069243156 0.1215780998389694 0.057971014492753624
0 0.3111916264090177 0.5165056360708534 0.14251207729468598 0.05152979066022544
0 0.3446054750402576 0.5112721417069244 0.0966183574879227 0.03784219001610306
0 0.3804347826086957 0.500402576489533 0.07971014492753623 0.037037037037037035
5 0.46256038647342995 0.499597423510467 0.007246376811594203 0.017713365539452495
0 0.5901771336553945 0.5233494363929146 0.06763285024154589 0.05233494363929147
0 0.6586151368760065 0.5108695652173914 0.11272141706924316 0.04508856682769726
0 0.5877616747181964 0.500805152979066 0.06280193236714976 0.02818035426731079
0 0.5225442834138486 0.500805152979066 0.02254428341384863 0.016908212560386472
