0 0.8470209339774557 0.5841384863123994 0.30434782608695654 0.1320450885668277
0 0.37278582930756843 0.5273752012882448 0.05958132045088567 0.04750402576489533
0 0.13486312399355876 0.5809178743961353 0.26972624798711753 0.13848631239935588
0 0.6928341384863124 0.5656199677938808 0.177938808373591 0.12077294685990338
0 0.5901771336553945 0.53341384863124 0.08373590982286634 0.06280193236714976
0 0.5515297906602254 0.5213365539452496 0.061191626409017714 0.04669887278582931
0 0.532608695652174 0.5201288244766505 0.04750402576489533 0.03462157809983897
0 0.392914653784219 0.5209339774557166 0.04508856682769726 0.03462157809983897
0 0.4106280193236715 0.5148953301127214 0.030595813204508857 0.024154589371980676
0 0.6312399355877617 0.5040257648953301 0.05475040257648953 0.026570048309178744
