1 0.10024154589371981 0.5607890499194848 0.20048309178743962 0.178743961352657
0 0.8631239935587761 0.5450885668276972 0.2431561996779388 0.09420289855072464
0 0.5619967793880838 0.5185185185185185 0.057971014492753624 0.039452495974235106
0 0.15619967793880837 0.5434782608695652 0.2109500805152979 0.08132045088566828
0 0.20611916264090177 0.534621578099839 0.1819645732689211 0.06682769726247988
0 0.2918679549114332 0.5257648953301127 0.1392914653784219 0.04750402576489533
0 0.322463768115942 0.5209339774557166 0.10386473429951691 0.03784219001610306
0 0.5309983896940419 0.5100644122383253 0.039452495974235106 0.027375201288244767
0 0.39049919484702095 0.5104669887278583 0.07085346215780998 0.0249597423510467
0 0.39090177133655396 0.5048309178743962 0.04911433172302738 0.0249597423510467
