0 0.10024154589371981 0.5853462157809984 0.20048309178743962 0.12962962962962962
0 0.33735909822866345 0.5511272141706924 0.11272141706924316 0.0821256038647343
0 0.2109500805152979 0.5567632850241546 0.15458937198067632 0.08856682769726248
5 0.6924315619967794 0.5475040257648953 0.1111111111111111 0.09420289855072464
0 0.9730273752012882 0.5265700483091788 0.05233494363929147 0.09098228663446055
5 0.749597423510467 0.5563607085346216 0.12721417069243157 0.11352657004830918
0 0.4166666666666667 0.5225442834138486 0.0426731078904992 0.03784219001610306
0 0.44122383252818037 0.5136876006441223 0.02254428341384863 0.021739130434782608
1 0.4500805152979066 0.5060386473429952 0.01932367149758454 0.02254428341384863
0 0.5495169082125604 0.5132850241545893 0.07809983896940419 0.030595813204508857
0 0.5193236714975845 0.5100644122383253 0.05314009661835749 0.02254428341384863
1 0.38808373590982287 0.5253623188405797 0.07246376811594203 0.0644122383252818
