0 0.47300564061240935 0.5052377115229654 0.0273972602739726 0.0249798549556809
0 0.08783239323126511 0.556406124093473 0.17566478646253023 0.09830781627719581
0 0.21313456889605156 0.5797743755036261 0.2602739726027397 0.14182111200644643
0 0.24778404512489927 0.5233682514101531 0.09750201450443191 0.0499597099113618
0 0.2953263497179694 0.5149073327961321 0.057211925866236905 0.033037872683319904
0 0.36341659951651895 0.5185334407735697 0.064464141821112 0.038678485092667206
1 0.410958904109589 0.49637389202256244 0.041901692183722805 0.04593070104754231
0 0.4266720386784851 0.5048348106365834 0.021756647864625302 0.017727639000805803
0 0.06285253827558421 0.532634971796938 0.12570507655116842 0.055600322320709106
0 0.17203867848509266 0.516116035455278 0.0958904109589041 0.043513295729250605
