0 0.4786462530217567 0.5040290088638195 0.03384367445608381 0.030620467365028204
0 0.12087026591458501 0.5817888799355359 0.24174053182917002 0.1377921031426269
0 0.12127316680096696 0.5330378726833199 0.1587429492344883 0.0692989524576954
0 0.2715551974214343 0.5310233682514102 0.12731668009669622 0.0717163577759871
1 0.2800161160354553 0.5100725221595488 0.0749395648670427 0.04754230459307011
1 0.3904109589041096 0.49959709911361805 0.060435132957292505 0.057211925866236905
0 0.31909750201450443 0.5100725221595488 0.045124899274778404 0.0265914585012087
0 0.41659951651893634 0.500402900886382 0.032232070910556 0.0265914585012087
1 0.4391619661563255 0.492344883158743 0.020950846091861403 0.023368251410153102
0 0.19943593875906526 0.5145044319097501 0.0862207896857373 0.038678485092667206
