0 0.5221417069243156 0.49879227053140096 0.023349436392914653 0.020933977455716585
0 0.45692431561996777 0.501610305958132 0.023349436392914653 0.018518518518518517
0 0.3615136876006441 0.5080515297906603 0.09822866344605476 0.036231884057971016
0 0.321256038647343 0.5100644122383253 0.12399355877616747 0.05314009661835749
0 0.5438808373590982 0.5084541062801933 0.03784219001610306 0.027375201288244767
0 0.5648148148148148 0.5185185185185185 0.061996779388083734 0.0426731078904992
0 0.23349436392914655 0.5301932367149759 0.1996779388083736 0.06924315619967794
0 0.08856682769726248 0.5636070853462157 0.17713365539452497 0.11030595813204509
0 0.06038647342995169 0.5797101449275363 0.12077294685990338 0.14090177133655393
0 0.9086151368760065 0.5744766505636071 0.18115942028985507 0.15136876006441224
