0 0.5269726247987118 0.5418679549114331 0.10547504025764895 0.09903381642512077
0 0.9943639291465378 0.5744766505636071 0.00966183574879227 0.15136876006441224
0 0.6316425120772947 0.5112721417069244 0.10064412238325282 0.04750402576489533
0 0.5857487922705314 0.5060386473429952 0.06038647342995169 0.028985507246376812
0 0.5656199677938808 0.5036231884057971 0.05394524959742351 0.02254428341384863
0 0.32367149758454106 0.5201288244766505 0.06763285024154589 0.039452495974235106
0 0.10024154589371981 0.5394524959742351 0.16022544283413848 0.061996779388083734
0 0.4392109500805153 0.5020128824476651 0.026570048309178744 0.017713365539452495
0 0.47705314009661837 0.49798711755233493 0.020128824476650563 0.014492753623188406
0 0.31199677938808373 0.5128824476650563 0.06038647342995169 0.029790660225442835
0 0.3413848631239936 0.5068438003220612 0.04186795491143317 0.028985507246376812
0 0.38486312399355876 0.5028180354267311 0.03542673107890499 0.01932367149758454
0 0.42914653784219003 0.501207729468599 0.0322061191626409 0.014492753623188406
0 0.21658615136876005 0.5108695652173914 0.06280193236714976 0.030595813204508857
0 0.2073268921095008 0.5056360708534622 0.06682769726247988 0.021739130434782608
