0 0.9066022544283414 0.5752818035426731 0.18518518518518517 0.1497584541062802
0 0.15217391304347827 0.5801127214170693 0.30434782608695654 0.14009661835748793
0 0.2773752012882448 0.5644122383252818 0.17149758454106281 0.09098228663446055
0 0.6574074074074074 0.5458937198067633 0.16022544283413848 0.09903381642512077
0 0.39170692431562 0.5136876006441223 0.05555555555555555 0.039452495974235106
0 0.5591787439613527 0.5120772946859904 0.050724637681159424 0.039452495974235106
1 0.40418679549114334 0.5036231884057971 0.04669887278582931 0.04508856682769726
0 0.5434782608695652 0.5088566827697263 0.04508856682769726 0.033011272141706925
1 0.3079710144927536 0.4943639291465378 0.11674718196457327 0.0426731078904992
1 0.4895330112721417 0.49355877616747185 0.01932367149758454 0.020128824476650563
1 0.6191626409017713 0.4895330112721417 0.07729468599033816 0.029790660225442835
