0 0.16706924315619967 0.5688405797101449 0.29871175523349436 0.16264090177133655
0 0.9259259259259259 0.571658615136876 0.14653784219001612 0.1570048309178744
0 0.7942834138486312 0.5736714975845411 0.2826086956521739 0.1529790660225443
0 0.49355877616747185 0.5197262479871175 0.09500805152979067 0.05636070853462158
0 0.6892109500805152 0.533011272141707 0.09178743961352658 0.08293075684380032
1 0.8884863123993558 0.4867149758454106 0.11191626409017713 0.05636070853462158
1 0.8067632850241546 0.4923510466988728 0.09500805152979067 0.0499194847020934
0 0.5402576489533011 0.500402576489533 0.04508856682769726 0.028985507246376812
0 0.6634460547504025 0.49597423510466987 0.0322061191626409 0.026570048309178744
0 0.5680354267310789 0.4939613526570048 0.03140096618357488 0.02254428341384863
2 0.6413043478260869 0.47906602254428343 0.036231884057971016 0.03462157809983897
