0 0.09017713365539452 0.5861513687600645 0.18035426731078905 0.1280193236714976
0 0.9746376811594203 0.5189210950080515 0.04911433172302738 0.12077294685990338
0 0.9025764895330113 0.5169082125603864 0.1932367149758454 0.09259259259259259
0 0.25966183574879226 0.5406602254428341 0.13446054750402575 0.06924315619967794
0 0.7222222222222222 0.5559581320450886 0.2028985507246377 0.12077294685990338
0 0.6264090177133655 0.5269726247987118 0.0998389694041868 0.07246376811594203
0 0.32971014492753625 0.5257648953301127 0.07004830917874397 0.04750402576489533
0 0.5756843800322061 0.5128824476650563 0.05475040257648953 0.03784219001610306
0 0.3820450885668277 0.5144927536231884 0.050724637681159424 0.03140096618357488
0 0.5571658615136876 0.5100644122383253 0.04508856682769726 0.030595813204508857
0 0.4174718196457327 0.5060386473429952 0.026570048309178744 0.020933977455716585
0 0.538647342995169 0.5052334943639292 0.0322061191626409 0.024154589371980676
0 0.46859903381642515 0.4963768115942029 0.033816425120772944 0.01288244766505636
