0 0.6968599033816425 0.5583735909822867 0.1859903381642512 0.13848631239935588
0 0.10064412238325282 0.5692431561996779 0.20128824476650564 0.14251207729468598
0 0.13365539452495975 0.5430756843800322 0.2673107890499195 0.10305958132045089
0 0.1706924315619968 0.5281803542673108 0.1996779388083736 0.09903381642512077
0 0.22061191626409019 0.5269726247987118 0.15780998389694043 0.05958132045088567
0 0.29830917874396135 0.5213365539452496 0.13285024154589373 0.0499194847020934
0 0.32689210950080516 0.5177133655394525 0.11916264090177134 0.04750402576489533
0 0.33373590982286633 0.5128824476650563 0.09259259259259259 0.04589371980676329
0 0.3446054750402576 0.5088566827697263 0.11272141706924316 0.04106280193236715
0 0.3679549114331723 0.5072463768115942 0.07890499194847021 0.03140096618357488
0 0.391304347826087 0.49879227053140096 0.06924315619967794 0.0322061191626409
5 0.464573268921095 0.49798711755233493 0.00644122383252818 0.01610305958132045
0 0.5644122383252818 0.5165056360708534 0.0499194847020934 0.040257648953301126
0 0.6243961352657005 0.5052334943639292 0.09098228663446055 0.037037037037037035
0 0.5752818035426731 0.500805152979066 0.05555555555555555 0.0249597423510467
0 0.5177133655394525 0.5 0.01932367149758454 0.015297906602254429
