0 0.49355877616747185 0.5124798711755234 0.043478260869565216 0.03542673107890499
0 0.2181964573268921 0.5462962962962963 0.1723027375201288 0.09822866344605476
1 0.30152979066022545 0.5088566827697263 0.18115942028985507 0.1215780998389694
0 0.3534621578099839 0.5201288244766505 0.1143317230273752 0.04428341384863124
0 0.43156199677938806 0.499597423510467 0.0499194847020934 0.024154589371980676
1 0.534219001610306 0.4967793880837359 0.033011272141706925 0.03140096618357488
0 0.4895330112721417 0.5048309178743962 0.027375201288244767 0.0249597423510467
1 0.37721417069243157 0.5092592592592593 0.11030595813204509 0.0499194847020934
0 0.061996779388083734 0.5446859903381642 0.12399355877616747 0.09822866344605476
0 0.16626409017713364 0.5217391304347826 0.13123993558776167 0.06360708534621579
2 0.26006441223832527 0.48792270531400966 0.08373590982286634 0.050724637681159424
