0 0.12238325281803543 0.5857487922705314 0.24476650563607086 0.1288244766505636
0 0.8115942028985508 0.5301932367149759 0.23027375201288244 0.10950080515297907
0 0.2882447665056361 0.5487117552334944 0.15942028985507245 0.0998389694041868
0 0.3788244766505636 0.5289855072463768 0.07648953301127215 0.05555555555555555
0 0.40700483091787437 0.5169082125603864 0.05877616747181964 0.0426731078904992
0 0.5680354267310789 0.5136876006441223 0.05233494363929147 0.04589371980676329
0 0.7648953301127214 0.5116747181964574 0.2028985507246377 0.0644122383252818
0 0.428341384863124 0.5064412238325282 0.037037037037037035 0.033011272141706925
0 0.4327697262479871 0.5040257648953301 0.04428341384863124 0.0249597423510467
0 0.26610305958132047 0.499194847020934 0.050724637681159424 0.016908212560386472
0 0.5841384863123994 0.5096618357487923 0.0571658615136876 0.036231884057971016
0 0.6167471819645732 0.5032206119162641 0.05958132045088567 0.033011272141706925
