0 0.0535426731078905 0.5692431561996779 0.107085346215781 0.16183574879227053
0 0.05475040257648953 0.5499194847020934 0.10950080515297907 0.12640901771336555
0 0.11634460547504026 0.5362318840579711 0.23268921095008052 0.10225442834138486
0 0.1606280193236715 0.5237520128824477 0.15217391304347827 0.08373590982286634
0 0.250805152979066 0.5217391304347826 0.20531400966183574 0.06682769726247988
1 0.2665056360708535 0.4943639291465378 0.22383252818035426 0.10547504025764895
0 0.6203703703703703 0.53341384863124 0.11513687600644122 0.07568438003220612
0 0.7000805152979066 0.5157004830917874 0.1215780998389694 0.04830917874396135
0 0.5173107890499195 0.49597423510466987 0.018518518518518517 0.013687600644122383
0 0.572463768115942 0.49838969404186795 0.057971014492753624 0.021739130434782608
