0 0.5036231884057971 0.5189210950080515 0.05233494363929147 0.0499194847020934
0 0.9053945249597424 0.5644122383252818 0.18760064412238325 0.17149758454106281
0 0.6485507246376812 0.5221417069243156 0.10869565217391304 0.05958132045088567
0 0.5970209339774557 0.5132850241545893 0.08776167471819646 0.03864734299516908
0 0.1324476650563607 0.5543478260869565 0.21175523349436393 0.10628019323671498
0 0.36231884057971014 0.5136876006441223 0.061191626409017714 0.036231884057971016
0 0.10144927536231885 0.5362318840579711 0.1723027375201288 0.06360708534621579
0 0.2177938808373591 0.5197262479871175 0.08776167471819646 0.05152979066022544
0 0.43719806763285024 0.5044283413848631 0.033816425120772944 0.01932367149758454
0 0.3168276972624799 0.5112721417069244 0.05877616747181964 0.029790660225442835
0 0.39049919484702095 0.5060386473429952 0.043478260869565216 0.01932367149758454
0 0.02938808373590982 0.5148953301127214 0.05877616747181964 0.03542673107890499
0 0.5265700483091788 0.49879227053140096 0.020933977455716585 0.014492753623188406
0 0.23510466988727857 0.5100644122383253 0.07085346215780998 0.028985507246376812
