0 0.4758454106280193 0.5132850241545893 0.04669887278582931 0.03864734299516908
0 0.15982286634460546 0.5885668276972624 0.3196457326892109 0.12318840579710146
0 0.29871175523349436 0.5636070853462157 0.16908212560386474 0.12318840579710146
0 0.35950080515297905 0.5374396135265701 0.09903381642512077 0.06924315619967794
0 0.2632850241545894 0.5301932367149759 0.11755233494363929 0.057971014492753624
0 0.4359903381642512 0.5040257648953301 0.029790660225442835 0.021739130434782608
0 0.8297101449275363 0.5853462157809984 0.3389694041867955 0.12962962962962962
0 0.6549919484702094 0.5462962962962963 0.1457326892109501 0.10789049919484701
0 0.5318035426731079 0.5100644122383253 0.04106280193236715 0.030595813204508857
2 0.5265700483091788 0.4851046698872786 0.0499194847020934 0.057971014492753624
0 0.16223832528180354 0.5108695652173914 0.08293075684380032 0.030595813204508857
0 0.47624798711755234 0.5044283413848631 0.029790660225442835 0.027375201288244767
0 0.03180354267310789 0.5245571658615137 0.06360708534621579 0.04669887278582931
