0 0.4887278582930757 0.5 0.01932367149758454 0.018518518518518517
0 0.9460547504025765 0.5817230273752013 0.10628019323671498 0.13687600644122383
0 0.43438003220611915 0.5084541062801933 0.036231884057971016 0.028985507246376812
0 0.6602254428341385 0.5430756843800322 0.13526570048309178 0.09339774557165861
0 0.6002415458937198 0.5253623188405797 0.09098228663446055 0.06924315619967794
0 0.5740740740740741 0.5152979066022544 0.057971014492753624 0.05394524959742351
0 0.5458937198067633 0.5084541062801933 0.04186795491143317 0.0322061191626409
0 0.5241545893719807 0.501207729468599 0.02254428341384863 0.020933977455716585
0 0.5366344605475041 0.5048309178743962 0.033011272141706925 0.02818035426731079
0 0.34541062801932365 0.5056360708534622 0.0499194847020934 0.018518518518518517
0 0.27979066022544286 0.5056360708534622 0.0571658615136876 0.020128824476650563
