0 0.4927536231884058 0.5132850241545893 0.043478260869565216 0.03542673107890499
0 0.09863123993558776 0.5748792270531401 0.1972624798711755 0.15056360708534622
1 0.23027375201288244 0.5213365539452496 0.23832528180354268 0.18357487922705315
0 0.32608695652173914 0.5237520128824477 0.13526570048309178 0.05475040257648953
0 0.3892914653784219 0.5080515297906603 0.08776167471819646 0.039452495974235106
0 0.4255233494363929 0.49838969404186795 0.05394524959742351 0.026570048309178744
1 0.5370370370370371 0.49476650563607083 0.03542673107890499 0.033816425120772944
0 0.4895330112721417 0.5048309178743962 0.027375201288244767 0.0249597423510467
1 0.357890499194847 0.5108695652173914 0.1280193236714976 0.05958132045088567
0 0.08695652173913043 0.5309983896940419 0.17391304347826086 0.08373590982286634
2 0.23470209339774556 0.4891304347826087 0.09742351046698873 0.057971014492753624
