0 0.05998389694041868 0.5897745571658615 0.11996779388083736 0.12077294685990338
0 0.15177133655394526 0.5909822866344605 0.3035426731078905 0.11835748792270531
0 0.789049919484702 0.5744766505636071 0.3397745571658615 0.15136876006441224
0 0.8015297906602254 0.5144927536231884 0.20209339774557167 0.06038647342995169
0 0.3743961352657005 0.5185185185185185 0.07085346215780998 0.04911433172302738
0 0.5793075684380032 0.5173107890499195 0.06360708534621579 0.04830917874396135
1 0.39492753623188404 0.5044283413848631 0.0571658615136876 0.05314009661835749
0 0.5575684380032206 0.5108695652173914 0.05555555555555555 0.03864734299516908
1 0.285829307568438 0.49516908212560384 0.1320450885668277 0.04911433172302738
1 0.49315619967793883 0.4927536231884058 0.020128824476650563 0.021739130434782608
1 0.6324476650563607 0.4855072463768116 0.08454106280193237 0.033011272141706925
