0 0.961755233494364 0.5157004830917874 0.0748792270531401 0.10789049919484701
0 0.9134460547504025 0.5136876006441223 0.17149758454106281 0.07809983896940419
0 0.8264895330112721 0.5080515297906603 0.13446054750402575 0.061996779388083734
0 0.8981481481481481 0.5744766505636071 0.20209339774557167 0.15136876006441224
0 0.7435587761674718 0.5676328502415459 0.2278582930756844 0.13285024154589373
0 0.1638486312399356 0.572463768115942 0.3276972624798712 0.15539452495974235
1 0.32085346215780997 0.5177133655394525 0.1537842190016103 0.11352657004830918
0 0.7729468599033816 0.501207729468599 0.1111111111111111 0.0499194847020934
0 0.7033011272141707 0.49557165861513686 0.11674718196457327 0.04830917874396135
1 0.6996779388083736 0.49355877616747185 0.14009661835748793 0.04750402576489533
0 0.3824476650563607 0.5169082125603864 0.0821256038647343 0.061996779388083734
0 0.4102254428341385 0.5056360708534622 0.05877616747181964 0.04428341384863124
2 0.5241545893719807 0.47987117552334946 0.06924315619967794 0.06521739130434782
