0 0.09178743961352658 0.5535426731078905 0.18357487922705315 0.1932367149758454
0 0.8357487922705314 0.5805152979066023 0.32689210950080516 0.1392914653784219
0 0.10265700483091787 0.534621578099839 0.20531400966183574 0.13768115942028986
0 0.1610305958132045 0.5362318840579711 0.23027375201288244 0.09259259259259259
0 0.20491143317230273 0.5229468599033816 0.21980676328502416 0.08051529790660225
0 0.31199677938808373 0.5108695652173914 0.12640901771336555 0.04508856682769726
0 0.3494363929146538 0.5024154589371981 0.09500805152979067 0.04428341384863124
0 0.5660225442834138 0.5120772946859904 0.05475040257648953 0.04106280193236715
0 0.6662640901771336 0.5454911433172303 0.1537842190016103 0.10305958132045089
0 0.5402576489533011 0.501207729468599 0.03542673107890499 0.030595813204508857
0 0.3812399355877617 0.500805152979066 0.07971014492753623 0.02818035426731079
