0 0.08333333333333333 0.57085346215781 0.16666666666666666 0.13768115942028986
0 0.11634460547504026 0.5491143317230274 0.23268921095008052 0.10386473429951691
0 0.20813204508856684 0.5301932367149759 0.19082125603864733 0.07407407407407407
0 0.2431561996779388 0.5157004830917874 0.17713365539452497 0.07729468599033816
5 0.4210950080515298 0.5100644122383253 0.01610305958132045 0.03542673107890499
0 0.9545088566827697 0.5700483091787439 0.0893719806763285 0.16022544283413848
0 0.8965378421900161 0.5688405797101449 0.20531400966183574 0.13687600644122383
0 0.8268921095008052 0.5414653784219001 0.23671497584541062 0.09178743961352658
0 0.7628824476650563 0.5301932367149759 0.16022544283413848 0.07407407407407407
0 0.7137681159420289 0.5261674718196457 0.17310789049919484 0.0644122383252818
0 0.6731078904991948 0.5209339774557166 0.15136876006441224 0.04911433172302738
0 0.6557971014492754 0.5132850241545893 0.1215780998389694 0.05314009661835749
0 0.34339774557165864 0.5104669887278583 0.10064412238325282 0.033011272141706925
0 0.3635265700483092 0.5076489533011272 0.08454106280193237 0.028985507246376812
0 0.5265700483091788 0.5056360708534622 0.03542673107890499 0.026570048309178744
0 0.5096618357487923 0.499597423510467 0.020933977455716585 0.017713365539452495
1 0.49516908212560384 0.4915458937198068 0.01288244766505636 0.014492753623188406
