0 0.18679549114331723 0.572866344605475 0.357487922705314 0.15458937198067632
0 0.8417874396135265 0.5756843800322061 0.3148148148148148 0.14895330112721417
0 0.6537842190016103 0.5632045088566827 0.16747181964573268 0.12399355877616747
0 0.3425925925925926 0.5462962962962963 0.11674718196457327 0.09822866344605476
0 0.3836553945249597 0.5277777777777778 0.07971014492753623 0.05958132045088567
0 0.5857487922705314 0.5249597423510467 0.08454106280193237 0.06360708534621579
0 0.5519323671497585 0.5173107890499195 0.05877616747181964 0.04508856682769726
0 0.4323671497584541 0.5076489533011272 0.037037037037037035 0.030595813204508857
0 0.4492753623188406 0.5020128824476651 0.0322061191626409 0.0322061191626409
0 0.463768115942029 0.5020128824476651 0.028985507246376812 0.02576489533011272
