0 0.4963768115942029 0.5116747181964574 0.04750402576489533 0.03864734299516908
0 0.1751207729468599 0.5736714975845411 0.26811594202898553 0.14492753623188406
0 0.31280193236714976 0.5245571658615137 0.11674718196457327 0.06280193236714976
0 0.3494363929146538 0.5173107890499195 0.10789049919484701 0.0499194847020934
0 0.3888888888888889 0.5080515297906603 0.08373590982286634 0.033011272141706925
1 0.42592592592592593 0.49516908212560384 0.06602254428341385 0.03462157809983897
0 0.7894524959742351 0.571256038647343 0.24396135265700483 0.1288244766505636
0 0.6731078904991948 0.5293880837359098 0.1288244766505636 0.0853462157809984
0 0.7057165861513688 0.5080515297906603 0.107085346215781 0.04106280193236715
0 0.07568438003220612 0.5426731078904992 0.15136876006441224 0.09259259259259259
0 0.4927536231884058 0.5028180354267311 0.028985507246376812 0.02576489533011272
0 0.15861513687600645 0.5221417069243156 0.13043478260869565 0.0644122383252818
0 0.23832528180354268 0.5193236714975845 0.09178743961352658 0.04750402576489533
1 0.8313204508856683 0.500805152979066 0.16344605475040258 0.06038647342995169
