0 0.5060386473429952 0.5221417069243156 0.06682769726247988 0.06280193236714976
1 0.7624798711755234 0.5314009661835749 0.21578099838969403 0.1537842190016103
0 0.6421095008051529 0.5161030595813204 0.1280193236714976 0.05877616747181964
0 0.5744766505636071 0.500402576489533 0.06521739130434782 0.027375201288244767
0 0.5515297906602254 0.49838969404186795 0.043478260869565216 0.020128824476650563
0 0.5442834138486312 0.4971819645732689 0.04186795491143317 0.01610305958132045
0 0.08373590982286634 0.5277777777777778 0.16747181964573268 0.07407407407407407
1 0.08494363929146538 0.5249597423510467 0.16988727858293076 0.23429951690821257
0 0.20048309178743962 0.5197262479871175 0.0998389694041868 0.04830917874396135
0 0.27697262479871176 0.5140901771336553 0.06280193236714976 0.030595813204508857
0 0.36191626409017713 0.5032206119162641 0.03784219001610306 0.020128824476650563
0 0.3780193236714976 0.5 0.02818035426731079 0.021739130434782608
0 0.40458937198067635 0.4975845410628019 0.026570048309178744 0.015297906602254429
0 0.4363929146537842 0.4967793880837359 0.02576489533011272 0.012077294685990338
0 0.9533011272141707 0.5128824476650563 0.09178743961352658 0.033011272141706925
0 0.1288244766505636 0.5136876006441223 0.07729468599033816 0.03784219001610306
