0 0.1388888888888889 0.5772946859903382 0.2777777777777778 0.1457326892109501
0 0.8969404186795491 0.48429951690821255 0.20450885668276972 0.07568438003220612
0 0.964170692431562 0.4754428341384863 0.07004830917874397 0.04508856682769726
0 0.36513687600644124 0.5205314009661836 0.0748792270531401 0.04669887278582931
0 0.30152979066022545 0.5366344605475041 0.13285024154589373 0.07890499194847021
0 0.6038647342995169 0.5040257648953301 0.057971014492753624 0.03784219001610306
0 0.4001610305958132 0.5120772946859904 0.05152979066022544 0.03784219001610306
0 0.4255233494363929 0.5084541062801933 0.03462157809983897 0.027375201288244767
0 0.5277777777777778 0.5032206119162641 0.033011272141706925 0.026570048309178744
0 0.6139291465378421 0.5024154589371981 0.0893719806763285 0.03140096618357488
0 0.5628019323671497 0.499597423510467 0.040257648953301126 0.020933977455716585
0 0.5511272141706924 0.48993558776167473 0.036231884057971016 0.01288244766505636
0 0.48188405797101447 0.49074074074074076 0.036231884057971016 0.011272141706924315
0 0.39371980676328505 0.4923510466988728 0.030595813204508857 0.00966183574879227
