0 0.8619162640901772 0.5619967793880838 0.2745571658615137 0.17632850241545894
0 0.13687600644122383 0.5406602254428341 0.27375201288244766 0.1320450885668277
0 0.08172302737520129 0.573268921095008 0.16344605475040258 0.15056360708534622
0 0.7181964573268921 0.572463768115942 0.21578099838969403 0.1360708534621578
0 0.16747181964573268 0.535426731078905 0.21578099838969403 0.09903381642512077
0 0.23429951690821257 0.535829307568438 0.17391304347826086 0.07246376811594203
0 0.2572463768115942 0.5281803542673108 0.1747181964573269 0.06521739130434782
0 0.3353462157809984 0.5193236714975845 0.10869565217391304 0.039452495974235106
0 0.36513687600644124 0.5116747181964574 0.08454106280193237 0.040257648953301126
0 0.5571658615136876 0.5205314009661836 0.04669887278582931 0.037037037037037035
0 0.6235909822866345 0.5418679549114331 0.107085346215781 0.07971014492753623
0 0.5362318840579711 0.5120772946859904 0.0322061191626409 0.02818035426731079
