0 0.8007246376811594 0.5744766505636071 0.2809983896940419 0.15136876006441224
0 0.40499194847020936 0.5040257648953301 0.07407407407407407 0.02818035426731079
5 0.7612721417069244 0.5124798711755234 0.07648953301127215 0.05636070853462158
0 0.5954106280193237 0.4963768115942029 0.06521739130434782 0.024154589371980676
0 0.7572463768115942 0.49476650563607083 0.07809983896940419 0.02254428341384863
1 0.9597423510466989 0.4895330112721417 0.07890499194847021 0.029790660225442835
0 0.39533011272141705 0.5028180354267311 0.05636070853462158 0.02254428341384863
0 0.2073268921095008 0.5072463768115942 0.061996779388083734 0.023349436392914653
0 0.4726247987117552 0.49516908212560384 0.01932367149758454 0.013687600644122383
0 0.4428341384863124 0.4971819645732689 0.02254428341384863 0.01288244766505636
