0 0.49556809024979853 0.5185334407735697 0.06607574536663981 0.05962933118452861
0 0.09750201450443191 0.5414987912973409 0.19500402900886382 0.07977437550362611
0 0.24818694601128122 0.5475423045930701 0.17405318291700242 0.1031426269137792
0 0.3690572119258662 0.516116035455278 0.05962933118452861 0.038678485092667206
0 0.3049959709911362 0.5120870265914585 0.06365834004834811 0.035455278001611606
0 0.4049153908138598 0.5072522159548751 0.0427074939564867 0.029008863819500404
0 0.1232876712328767 0.5221595487510072 0.13215149073327961 0.04915390813859791
0 0.2119258662369057 0.5124899274778405 0.072522159548751 0.0346494762288477
1 0.3372280419016922 0.49879129734085415 0.0362610797743755 0.0249798549556809
0 0.5314262691377921 0.49959709911361805 0.016921837228041903 0.012087026591458501
