0 0.4967793880837359 0.5072463768115942 0.040257648953301126 0.03784219001610306
0 0.2894524959742351 0.5221417069243156 0.08293075684380032 0.04508856682769726
0 0.710950080515298 0.5277777777777778 0.17552334943639292 0.08695652173913043
0 0.6211755233494364 0.5128824476650563 0.11513687600644122 0.04911433172302738
0 0.607085346215781 0.5088566827697263 0.09339774557165861 0.04106280193236715
0 0.5986312399355878 0.5028180354267311 0.07809983896940419 0.03864734299516908
1 0.5656199677938808 0.4963768115942029 0.07326892109500806 0.03542673107890499
0 0.5519323671497585 0.49879227053140096 0.0571658615136876 0.02254428341384863
0 0.32689210950080516 0.5024154589371981 0.04508856682769726 0.026570048309178744
1 0.43719806763285024 0.4891304347826087 0.027375201288244767 0.024154589371980676
0 0.35144927536231885 0.501207729468599 0.03462157809983897 0.02254428341384863
0 0.40217391304347827 0.4963768115942029 0.021739130434782608 0.01288244766505636
0 0.3027375201288245 0.500402576489533 0.027375201288244767 0.01932367149758454
0 0.10024154589371981 0.5032206119162641 0.033011272141706925 0.021739130434782608
