0 0.30475040257648955 0.5458937198067633 0.1360708534621578 0.08132045088566828
0 0.1457326892109501 0.5772946859903382 0.2914653784219002 0.1457326892109501
0 0.6634460547504025 0.5132850241545893 0.09339774557165861 0.05475040257648953
0 0.3743961352657005 0.5241545893719807 0.07890499194847021 0.05394524959742351
0 0.41586151368760066 0.5177133655394525 0.04750402576489533 0.036231884057971016
0 0.42995169082125606 0.5124798711755234 0.040257648953301126 0.030595813204508857
0 0.5487117552334944 0.5096618357487923 0.039452495974235106 0.033011272141706925
0 0.6658615136876006 0.5024154589371981 0.12238325281803543 0.04106280193236715
0 0.5632045088566827 0.5076489533011272 0.04589371980676329 0.027375201288244767
0 0.5905797101449275 0.5024154589371981 0.04750402576489533 0.026570048309178744
0 0.5237520128824477 0.4919484702093398 0.03140096618357488 0.010466988727858293
