0 0.48993558776167473 0.500805152979066 0.018518518518518517 0.018518518518518517
0 0.892914653784219 0.5764895330112721 0.21256038647342995 0.1473429951690821
0 0.43800322061191627 0.5084541062801933 0.033816425120772944 0.027375201288244767
0 0.644927536231884 0.538244766505636 0.11916264090177134 0.08373590982286634
0 0.5933977455716586 0.5229468599033816 0.08373590982286634 0.0644122383252818
0 0.5700483091787439 0.5140901771336553 0.05475040257648953 0.05152979066022544
0 0.5450885668276972 0.5084541062801933 0.040257648953301126 0.030595813204508857
0 0.5241545893719807 0.500805152979066 0.02254428341384863 0.020128824476650563
0 0.34903381642512077 0.5052334943639292 0.04911433172302738 0.017713365539452495
0 0.28462157809983896 0.5056360708534622 0.05555555555555555 0.018518518518518517
