0 0.46817082997582593 0.5060435132957293 0.03384367445608381 0.031426269137792104
0 0.1579371474617244 0.5741337630942788 0.3158742949234488 0.15310233682514102
0 0.31466559226430296 0.5354552780016116 0.10394842868654311 0.0692989524576954
0 0.17284448025785656 0.5314262691377921 0.14101531023368252 0.064464141821112
0 0.09145850120870266 0.523771152296535 0.12651087832393232 0.04915390813859791
0 0.2526188557614827 0.5173247381144238 0.0749395648670427 0.0427074939564867
1 0.3243352135374698 0.49959709911361805 0.0652699435938759 0.055600322320709106
0 0.21756647864625303 0.5132957292506044 0.07091055600322321 0.033037872683319904
0 0.34971796937953264 0.5064464141821112 0.037066881547139406 0.024174053182917002
2 0.43029814665592264 0.48751007252215955 0.024174053182917002 0.0378726833199033
0 0.2771958098307816 0.5060435132957293 0.043513295729250605 0.0249798549556809
