0 0.38808373590982287 0.5064412238325282 0.07085346215780998 0.026570048309178744
0 0.532608695652174 0.5096618357487923 0.039452495974235106 0.02818035426731079
0 0.3305152979066023 0.5128824476650563 0.11513687600644122 0.04106280193236715
0 0.24194847020933977 0.5289855072463768 0.17149758454106281 0.061996779388083734
0 0.7049114331723028 0.5249597423510467 0.16666666666666666 0.06038647342995169
0 0.1855877616747182 0.535829307568438 0.21497584541062803 0.07246376811594203
0 0.1292270531400966 0.5394524959742351 0.2584541062801932 0.11030595813204509
0 0.10789049919484701 0.5672302737520128 0.21578099838969403 0.1288244766505636
0 0.06561996779388084 0.5797101449275363 0.13123993558776167 0.14090177133655393
0 0.9448470209339774 0.573268921095008 0.10869565217391304 0.1537842190016103
