0 0.4782433521353747 0.5032232070910556 0.0346494762288477 0.032232070910556
0 0.0547945205479452 0.5471394037066881 0.1095890410958904 0.09105560032232071
0 0.18090249798549557 0.5515713134568896 0.21353746978243351 0.10797743755036261
1 0.23045930701047543 0.5141015310233682 0.1031426269137792 0.060435132957292505
1 0.3734891216760677 0.5012087026591459 0.0749395648670427 0.0684931506849315
0 0.2912973408541499 0.5120870265914585 0.057211925866236905 0.032232070910556
0 0.40975020145044316 0.5008058017727639 0.0362610797743755 0.029008863819500404
0 0.4246575342465753 0.5016116035455278 0.024174053182917002 0.017727639000805803
1 0.43674456083803387 0.492344883158743 0.022562449637389202 0.0249798549556809
0 0.14544721998388396 0.5193392425463336 0.11361804995970991 0.046736502820306204
