0 0.8651368760064412 0.5744766505636071 0.26811594202898553 0.15136876006441224
0 0.1956521739130435 0.5789049919484702 0.27375201288244766 0.14251207729468598
0 0.30515297906602257 0.5543478260869565 0.143317230273752 0.07729468599033816
0 0.6356682769726248 0.538244766505636 0.13446054750402575 0.0853462157809984
0 0.39855072463768115 0.5124798711755234 0.05152979066022544 0.037037037037037035
0 0.5559581320450886 0.5116747181964574 0.04750402576489533 0.037037037037037035
1 0.40942028985507245 0.5024154589371981 0.04428341384863124 0.0426731078904992
0 0.5410628019323671 0.5084541062801933 0.04186795491143317 0.030595813204508857
1 0.3144122383252818 0.4939613526570048 0.11191626409017713 0.04186795491143317
1 0.49114331723027377 0.4943639291465378 0.01932367149758454 0.020128824476650563
1 0.6171497584541062 0.4891304347826087 0.0748792270531401 0.028985507246376812
