0 0.10909822866344605 0.5636070853462157 0.2181964573268921 0.11835748792270531
0 0.1638486312399356 0.5466988727858293 0.25684380032206117 0.09742351046698873
0 0.21658615136876005 0.53341384863124 0.17713365539452497 0.0821256038647343
0 0.25120772946859904 0.5277777777777778 0.19484702093397746 0.06924315619967794
0 0.2669082125603865 0.5201288244766505 0.12962962962962962 0.05555555555555555
0 0.3079710144927536 0.5185185185185185 0.12318840579710146 0.04750402576489533
0 0.3164251207729469 0.5140901771336553 0.12560386473429952 0.043478260869565216
0 0.34903381642512077 0.5084541062801933 0.09098228663446055 0.037037037037037035
0 0.3603059581320451 0.5036231884057971 0.09420289855072464 0.043478260869565216
5 0.4561191626409018 0.5028180354267311 0.008856682769726247 0.020933977455716585
0 0.6304347826086957 0.539049919484702 0.10628019323671498 0.07729468599033816
0 0.7049114331723028 0.5185185185185185 0.14895330112721417 0.05877616747181964
0 0.6002415458937198 0.5036231884057971 0.07326892109500806 0.0322061191626409
0 0.5245571658615137 0.5024154589371981 0.0249597423510467 0.018518518518518517
