0 0.500805152979066 0.5108695652173914 0.05958132045088567 0.04830917874396135
0 0.07407407407407407 0.5080515297906603 0.14814814814814814 0.06682769726247988
5 0.96658615136876 0.5640096618357487 0.06521739130434782 0.15942028985507245
1 0.6328502415458938 0.5032206119162641 0.10789049919484701 0.09742351046698873
1 0.20853462157809985 0.49355877616747185 0.08856682769726248 0.04750402576489533
0 0.3280998389694042 0.5036231884057971 0.11674718196457327 0.05958132045088567
0 0.34782608695652173 0.501610305958132 0.10789049919484701 0.04428341384863124
0 0.37399355877616747 0.5020128824476651 0.10064412238325282 0.037037037037037035
0 0.4086151368760064 0.4943639291465378 0.06360708534621579 0.029790660225442835
0 0.43478260869565216 0.48711755233494364 0.04830917874396135 0.020128824476650563
0 0.5756843800322061 0.499597423510467 0.0499194847020934 0.033816425120772944
0 0.5595813204508857 0.4919484702093398 0.040257648953301126 0.03140096618357488
0 0.48711755233494364 0.49516908212560384 0.033816425120772944 0.029790660225442835
0 0.250805152979066 0.48993558776167473 0.06038647342995169 0.02576489533011272
