0 0.49033816425120774 0.5161030595813204 0.04830917874396135 0.039452495974235106
0 0.05475040257648953 0.5785024154589372 0.10950080515297907 0.143317230273752
0 0.22624798711755234 0.5318035426731079 0.13687600644122383 0.07407407407407407
0 0.35507246376811596 0.5450885668276972 0.13365539452495975 0.08293075684380032
0 0.3965378421900161 0.5257648953301127 0.07004830917874397 0.05877616747181964
0 0.34057971014492755 0.5132850241545893 0.0821256038647343 0.037037037037037035
0 0.4500805152979066 0.5032206119162641 0.02254428341384863 0.018518518518518517
0 0.7725442834138486 0.5756843800322061 0.3003220611916264 0.14895330112721417
0 0.6396940418679549 0.5454911433172303 0.1360708534621578 0.08373590982286634
0 0.5869565217391305 0.5217391304347826 0.07246376811594203 0.0571658615136876
0 0.5285829307568438 0.5084541062801933 0.03140096618357488 0.024154589371980676
2 0.5261674718196457 0.4891304347826087 0.039452495974235106 0.04669887278582931
0 0.48429951690821255 0.5068438003220612 0.029790660225442835 0.027375201288244767
0 0.1473429951690821 0.5108695652173914 0.08373590982286634 0.033816425120772944
