0 0.5056360708534622 0.5640096618357487 0.178743961352657 0.16908212560386474
0 0.3196457326892109 0.5060386473429952 0.0322061191626409 0.01610305958132045
0 0.28462157809983896 0.5080515297906603 0.03140096618357488 0.016908212560386472
0 0.357085346215781 0.5028180354267311 0.03140096618357488 0.01610305958132045
0 0.8180354267310789 0.5068438003220612 0.1111111111111111 0.03542673107890499
0 0.9545088566827697 0.5108695652173914 0.0893719806763285 0.05152979066022544
0 0.4134460547504026 0.5060386473429952 0.08132045088566828 0.02576489533011272
0 0.8365539452495975 0.500402576489533 0.08695652173913043 0.0322061191626409
1 0.2966988727858293 0.5104669887278583 0.10869565217391304 0.04750402576489533
1 0.21537842190016104 0.5209339774557166 0.14090177133655393 0.05555555555555555
