0 0.051932367149758456 0.5889694041867954 0.10386473429951691 0.12238325281803543
0 0.8514492753623188 0.571658615136876 0.29549114331723025 0.1570048309178744
0 0.17028985507246377 0.5575684380032206 0.1892109500805153 0.10144927536231885
0 0.6356682769726248 0.5269726247987118 0.107085346215781 0.06763285024154589
0 0.3244766505636071 0.5221417069243156 0.09017713365539452 0.0499194847020934
0 0.5901771336553945 0.5169082125603864 0.07407407407407407 0.04750402576489533
0 0.39573268921095006 0.5060386473429952 0.036231884057971016 0.027375201288244767
0 0.5555555555555556 0.5060386473429952 0.04508856682769726 0.0322061191626409
0 0.5462962962962963 0.5044283413848631 0.036231884057971016 0.027375201288244767
0 0.4214975845410628 0.49597423510466987 0.04589371980676329 0.015297906602254429
