1 0.7222222222222222 0.499597423510467 0.004830917874396135 0.30112721417069244
0 0.7016908212560387 0.5434782608695652 0.2069243156199678 0.1537842190016103
0 0.6147342995169082 0.5261674718196457 0.10547504025764895 0.07407407407407407
0 0.5446859903381642 0.5108695652173914 0.05877616747181964 0.040257648953301126
0 0.019726247987117553 0.5370370370370371 0.039452495974235106 0.05555555555555555
5 0.38687600644122383 0.5084541062801933 0.015297906602254429 0.03542673107890499
0 0.3534621578099839 0.5157004830917874 0.043478260869565216 0.033816425120772944
0 0.5088566827697263 0.5060386473429952 0.04830917874396135 0.03542673107890499
0 0.47020933977455714 0.5036231884057971 0.0322061191626409 0.02254428341384863
5 0.4037842190016103 0.5064412238325282 0.013687600644122383 0.033011272141706925
