0 0.10587761674718196 0.5487117552334944 0.21175523349436393 0.10305958132045089
0 0.16948470209339775 0.5402576489533011 0.2584541062801932 0.08454106280193237
0 0.21215780998389694 0.5289855072463768 0.20209339774557167 0.06843800322061191
0 0.8373590982286635 0.5736714975845411 0.32367149758454106 0.1529790660225443
0 0.5889694041867954 0.5265700483091788 0.07004830917874397 0.04911433172302738
0 0.28703703703703703 0.5245571658615137 0.1392914653784219 0.05636070853462158
1 0.31239935587761675 0.5193236714975845 0.1143317230273752 0.05555555555555555
0 0.3385668276972625 0.5152979066022544 0.09098228663446055 0.0426731078904992
0 0.6392914653784219 0.5136876006441223 0.0966183574879227 0.03140096618357488
0 0.3715780998389694 0.501207729468599 0.07809983896940419 0.04186795491143317
1 0.5269726247987118 0.4975845410628019 0.029790660225442835 0.03140096618357488
0 0.4001610305958132 0.5052334943639292 0.06280193236714976 0.020933977455716585
0 0.41586151368760066 0.5028180354267311 0.05555555555555555 0.02254428341384863
1 0.5152979066022544 0.49516908212560384 0.020933977455716585 0.0249597423510467
