0 0.4963768115942029 0.5068438003220612 0.03462157809983897 0.0322061191626409
0 0.04066022544283414 0.539049919484702 0.08132045088566828 0.08051529790660225
0 0.8478260869565217 0.5611916264090178 0.2286634460547504 0.16022544283413848
0 0.7479871175523349 0.535829307568438 0.18357487922705315 0.0966183574879227
0 0.6634460547504025 0.5241545893719807 0.14170692431561996 0.06682769726247988
0 0.6235909822866345 0.5152979066022544 0.11352657004830918 0.05877616747181964
0 0.6103059581320451 0.5112721417069244 0.10305958132045089 0.04428341384863124
0 0.5925925925925926 0.5072463768115942 0.09017713365539452 0.04106280193236715
0 0.5780998389694042 0.5028180354267311 0.07246376811594203 0.027375201288244767
0 0.42632850241545894 0.501207729468599 0.020128824476650563 0.014492753623188406
0 0.5410628019323671 0.4975845410628019 0.04508856682769726 0.016908212560386472
1 0.5318035426731079 0.49476650563607083 0.039452495974235106 0.017713365539452495
0 0.40096618357487923 0.49798711755233493 0.020933977455716585 0.014492753623188406
