0 0.10748792270531402 0.539049919484702 0.20048309178743962 0.07085346215780998
0 0.22181964573268922 0.5221417069243156 0.13123993558776167 0.05314009661835749
0 0.2584541062801932 0.5152979066022544 0.1143317230273752 0.04589371980676329
0 0.28019323671497587 0.5136876006441223 0.10789049919484701 0.03784219001610306
0 0.30636070853462155 0.5084541062801933 0.09903381642512077 0.03864734299516908
0 0.3276972624798712 0.5092592592592593 0.07890499194847021 0.030595813204508857
0 0.34782608695652173 0.5056360708534622 0.057971014492753624 0.026570048309178744
0 0.36513687600644124 0.5056360708534622 0.06038647342995169 0.021739130434782608
0 0.3743961352657005 0.500402576489533 0.05314009661835749 0.024154589371980676
0 0.3860708534621578 0.500805152979066 0.05233494363929147 0.021739130434782608
0 0.39371980676328505 0.499597423510467 0.0499194847020934 0.01932367149758454
