0 0.4967793880837359 0.5088566827697263 0.04830917874396135 0.039452495974235106
0 0.17552334943639292 0.5495169082125604 0.20450885668276972 0.0998389694041868
0 0.2580515297906602 0.534621578099839 0.15217391304347827 0.07004830917874397
0 0.32689210950080516 0.5128824476650563 0.08695652173913043 0.04428341384863124
0 0.41545893719806765 0.5193236714975845 0.06924315619967794 0.04428341384863124
0 0.3820450885668277 0.5052334943639292 0.061996779388083734 0.027375201288244767
1 0.8047504025764896 0.5080515297906603 0.3888888888888889 0.28421900161030594
0 0.6155394524959742 0.5245571658615137 0.10386473429951691 0.06924315619967794
0 0.5809178743961353 0.5152979066022544 0.07004830917874397 0.04428341384863124
0 0.5611916264090178 0.5028180354267311 0.04669887278582931 0.03864734299516908
0 0.5277777777777778 0.49879227053140096 0.0249597423510467 0.01932367149758454
0 0.038244766505636074 0.5479066022544283 0.07648953301127215 0.0821256038647343
1 0.11916264090177134 0.5161030595813204 0.1932367149758454 0.09742351046698873
0 0.4939613526570048 0.501610305958132 0.03140096618357488 0.02818035426731079
0 0.023349436392914653 0.5197262479871175 0.04669887278582931 0.04669887278582931
