0 0.5044283413848631 0.5197262479871175 0.05233494363929147 0.0499194847020934
0 0.8091787439613527 0.5535426731078905 0.21256038647342995 0.13848631239935588
0 0.6272141706924316 0.5177133655394525 0.09500805152979067 0.050724637681159424
0 0.5861513687600645 0.5108695652173914 0.07890499194847021 0.033816425120772944
0 0.28421900161030594 0.5273752012882448 0.09822866344605476 0.05877616747181964
0 0.39573268921095006 0.5092592592592593 0.04589371980676329 0.028985507246376812
0 0.16867954911433172 0.5309983896940419 0.13123993558776167 0.05314009661835749
0 0.2471819645732689 0.5165056360708534 0.07407407407407407 0.04508856682769726
0 0.4533011272141707 0.5024154589371981 0.028985507246376812 0.016908212560386472
0 0.3309178743961353 0.5092592592592593 0.05152979066022544 0.027375201288244767
0 0.39533011272141705 0.5052334943639292 0.04186795491143317 0.017713365539452495
0 0.033011272141706925 0.5277777777777778 0.06602254428341385 0.05152979066022544
0 0.051932367149758456 0.5148953301127214 0.10386473429951691 0.033816425120772944
0 0.5193236714975845 0.5 0.017713365539452495 0.015297906602254429
0 0.5454911433172303 0.4967793880837359 0.020128824476650563 0.012077294685990338
0 0.25684380032206117 0.5088566827697263 0.06280193236714976 0.026570048309178744
