0 0.6247987117552335 0.53341384863124 0.11755233494363929 0.09178743961352658
0 0.09057971014492754 0.572061191626409 0.18115942028985507 0.1320450885668277
0 0.14090177133655393 0.5503220611916264 0.23993558776167473 0.09500805152979067
0 0.18639291465378421 0.5370370370370371 0.23752012882447665 0.08132045088566828
0 0.23832528180354268 0.5305958132045089 0.16908212560386474 0.06038647342995169
0 0.5793075684380032 0.5205314009661836 0.071658615136876 0.04830917874396135
0 0.5471014492753623 0.5084541062801933 0.04106280193236715 0.037037037037037035
0 0.3615136876006441 0.5064412238325282 0.06924315619967794 0.03784219001610306
0 0.392914653784219 0.5076489533011272 0.061191626409017714 0.024154589371980676
0 0.5269726247987118 0.5032206119162641 0.0249597423510467 0.020128824476650563
