0 0.04388083735909823 0.5744766505636071 0.08776167471819646 0.14653784219001612
0 0.11553945249597423 0.5567632850241546 0.23107890499194847 0.10950080515297907
0 0.14251207729468598 0.538244766505636 0.26247987117552335 0.0853462157809984
0 0.24476650563607086 0.5261674718196457 0.1642512077294686 0.0644122383252818
0 0.2713365539452496 0.5173107890499195 0.15619967793880837 0.06924315619967794
5 0.428341384863124 0.5116747181964574 0.014492753623188406 0.0322061191626409
0 0.9045893719806763 0.5688405797101449 0.1892109500805153 0.15619967793880837
0 0.8691626409017713 0.5539452495974235 0.26006441223832527 0.107085346215781
0 0.7753623188405797 0.5394524959742351 0.1932367149758454 0.07648953301127215
0 0.7302737520128825 0.5297906602254429 0.13687600644122383 0.06360708534621579
0 0.6908212560386473 0.5249597423510467 0.1529790660225443 0.0571658615136876
0 0.6578099838969405 0.5213365539452496 0.13687600644122383 0.04508856682769726
0 0.642914653784219 0.5140901771336553 0.11030595813204509 0.04830917874396135
0 0.35507246376811596 0.5116747181964574 0.09339774557165861 0.030595813204508857
0 0.37278582930756843 0.5120772946859904 0.07890499194847021 0.02818035426731079
0 0.5261674718196457 0.5100644122383253 0.033011272141706925 0.02576489533011272
0 0.5116747181964574 0.5032206119162641 0.020128824476650563 0.016908212560386472
1 0.4963768115942029 0.4939613526570048 0.012077294685990338 0.014492753623188406
