0 0.9416264090177133 0.5853462157809984 0.11513687600644122 0.12962962962962962
0 0.8961352657004831 0.5547504025764896 0.20611916264090177 0.12640901771336555
0 0.7282608695652174 0.5181159420289855 0.18438003220611915 0.06924315619967794
0 0.1678743961352657 0.5140901771336553 0.23429951690821257 0.11272141706924316
0 0.21980676328502416 0.5225442834138486 0.1529790660225443 0.05877616747181964
1 0.5559581320450886 0.49557165861513686 0.06038647342995169 0.05958132045088567
0 0.3144122383252818 0.5124798711755234 0.12640901771336555 0.04186795491143317
0 0.357085346215781 0.5040257648953301 0.10064412238325282 0.04106280193236715
1 0.5253623188405797 0.49315619967793883 0.033011272141706925 0.037037037037037035
1 0.427938808373591 0.49074074074074076 0.05394524959742351 0.02576489533011272
