0 0.6292270531400966 0.4963768115942029 0.11352657004830918 0.040257648953301126
0 0.9468599033816425 0.4778582930756844 0.10466988727858294 0.0322061191626409
0 0.9826892109500805 0.4758454106280193 0.033011272141706925 0.03784219001610306
0 0.8321256038647343 0.4782608695652174 0.0748792270531401 0.023349436392914653
0 0.8168276972624798 0.47906602254428343 0.07326892109500806 0.021739130434782608
0 0.4243156199677939 0.5036231884057971 0.033816425120772944 0.027375201288244767
0 0.4774557165861514 0.49476650563607083 0.02254428341384863 0.017713365539452495
0 0.7181964573268921 0.48027375201288247 0.033816425120772944 0.020933977455716585
0 0.7455716586151369 0.48027375201288247 0.037037037037037035 0.01932367149758454
0 0.5438808373590982 0.49114331723027377 0.0249597423510467 0.016908212560386472
