0 0.7793880837359098 0.573268921095008 0.3107890499194847 0.1537842190016103
0 0.2946859903381642 0.5483091787439613 0.1288244766505636 0.07809983896940419
0 0.5837359098228664 0.5221417069243156 0.07407407407407407 0.05636070853462158
0 0.3691626409017713 0.5209339774557166 0.07004830917874397 0.050724637681159424
0 0.4106280193236715 0.5096618357487923 0.033816425120772944 0.02818035426731079
5 0.4617552334943639 0.500402576489533 0.007246376811594203 0.017713365539452495
5 0.47101449275362317 0.499194847020934 0.00644122383252818 0.016908212560386472
0 0.42995169082125606 0.5052334943639292 0.024154589371980676 0.017713365539452495
0 0.5148953301127214 0.49838969404186795 0.015297906602254429 0.012077294685990338
0 0.538647342995169 0.5052334943639292 0.037037037037037035 0.030595813204508857
