0 0.8530595813204509 0.5772946859903382 0.2922705314009662 0.1457326892109501
0 0.7600644122383253 0.5305958132045089 0.143317230273752 0.1280193236714976
1 0.47101449275362317 0.499194847020934 0.040257648953301126 0.0426731078904992
1 0.7552334943639292 0.4863123993558776 0.178743961352657 0.06682769726247988
0 0.3309178743961353 0.5084541062801933 0.05475040257648953 0.0322061191626409
0 0.2665056360708535 0.5032206119162641 0.06763285024154589 0.04428341384863124
0 0.4110305958132045 0.4975845410628019 0.029790660225442835 0.0249597423510467
0 0.5958132045088567 0.499597423510467 0.05475040257648953 0.030595813204508857
1 0.5225442834138486 0.4834943639291465 0.027375201288244767 0.028985507246376812
0 0.6356682769726248 0.499194847020934 0.0571658615136876 0.033011272141706925
1 0.9428341384863124 0.47946859903381644 0.11272141706924316 0.05152979066022544
2 0.48752012882447665 0.47906602254428343 0.02818035426731079 0.04106280193236715
0 0.15499194847020933 0.5116747181964574 0.08454106280193237 0.033816425120772944
0 0.06280193236714976 0.5181159420289855 0.07729468599033816 0.030595813204508857
