0 0.6280193236714976 0.5394524959742351 0.12077294685990338 0.07648953301127215
0 0.11312399355877617 0.5599838969404187 0.22624798711755234 0.10950080515297907
0 0.15579710144927536 0.5426731078904992 0.23107890499194847 0.0861513687600644
0 0.19363929146537842 0.5366344605475041 0.20048309178743962 0.06924315619967794
0 0.24758454106280192 0.5285829307568438 0.16022544283413848 0.05958132045088567
0 0.5547504025764896 0.5173107890499195 0.061191626409017714 0.04186795491143317
0 0.35466988727858295 0.5144927536231884 0.10064412238325282 0.03462157809983897
0 0.5370370370370371 0.5080515297906603 0.037037037037037035 0.0249597423510467
0 0.35466988727858295 0.5116747181964574 0.07971014492753623 0.0322061191626409
0 0.36191626409017713 0.5056360708534622 0.06682769726247988 0.033011272141706925
0 0.5185185185185185 0.499597423510467 0.02254428341384863 0.020933977455716585
