0 0.8397745571658615 0.5700483091787439 0.3188405797101449 0.16022544283413848
0 0.14130434782608695 0.5736714975845411 0.2826086956521739 0.1529790660225443
0 0.677536231884058 0.5458937198067633 0.17149758454106281 0.10225442834138486
1 0.5917874396135265 0.4923510466988728 0.1111111111111111 0.10789049919484701
0 0.5543478260869565 0.5072463768115942 0.04750402576489533 0.04428341384863124
0 0.5454911433172303 0.5060386473429952 0.04106280193236715 0.0322061191626409
0 0.5197262479871175 0.5052334943639292 0.02818035426731079 0.02254428341384863
0 0.40942028985507245 0.5104669887278583 0.02818035426731079 0.020128824476650563
0 0.501610305958132 0.501610305958132 0.0322061191626409 0.021739130434782608
0 0.47624798711755234 0.5040257648953301 0.023349436392914653 0.015297906602254429
