0 0.46817082997582593 0.5064464141821112 0.03384367445608381 0.030620467365028204
0 0.14544721998388396 0.5745366639806607 0.2908944399677679 0.1522965350523771
0 0.3005640612409347 0.5394842868654312 0.11764705882352941 0.0757453666398066
0 0.14182111200644643 0.5362610797743755 0.1643835616438356 0.072522159548751
0 0.06607574536663981 0.5265914585012087 0.13215149073327961 0.0531829170024174
0 0.23569701853344077 0.5197421434327155 0.08460918614020951 0.04593070104754231
1 0.3170829975825947 0.500402900886382 0.07010475423045931 0.058823529411764705
0 0.20306204673650283 0.5145044319097501 0.07735697018533441 0.035455278001611606
0 0.3444802578565673 0.5072522159548751 0.0394842868654311 0.0257856567284448
2 0.43110394842868655 0.48751007252215955 0.024174053182917002 0.0378726833199033
0 0.26913779210314265 0.5068493150684932 0.046736502820306204 0.0265914585012087
