0 0.5132850241545893 0.5189210950080515 0.06521739130434782 0.05314009661835749
0 0.25644122383252815 0.5056360708534622 0.06843800322061191 0.03462157809983897
5 0.6904186795491143 0.5116747181964574 0.07004830917874397 0.05152979066022544
1 0.5636070853462157 0.4971819645732689 0.04669887278582931 0.04830917874396135
1 0.3321256038647343 0.4967793880837359 0.03784219001610306 0.0249597423510467
0 0.39371980676328505 0.5048309178743962 0.07246376811594203 0.033011272141706925
0 0.4134460547504026 0.5028180354267311 0.06682769726247988 0.024154589371980676
0 0.42995169082125606 0.49798711755233493 0.0499194847020934 0.020933977455716585
0 0.4468599033816425 0.4939613526570048 0.037037037037037035 0.014492753623188406
0 0.48470209339774556 0.5048309178743962 0.03542673107890499 0.033011272141706925
0 0.3103864734299517 0.49879227053140096 0.039452495974235106 0.01932367149758454
