0 0.10265700483091787 0.5764895330112721 0.20531400966183574 0.14251207729468598
0 0.1247987117552335 0.5535426731078905 0.249597423510467 0.09339774557165861
0 0.1956521739130435 0.5370370370370371 0.18840579710144928 0.07809983896940419
0 0.677938808373591 0.5495169082125604 0.1723027375201288 0.10789049919484701
0 0.3393719806763285 0.5144927536231884 0.11191626409017713 0.0426731078904992
0 0.5700483091787439 0.5080515297906603 0.04508856682769726 0.036231884057971016
0 0.3643317230273752 0.5084541062801933 0.09098228663446055 0.030595813204508857
0 0.38687600644122383 0.5044283413848631 0.06682769726247988 0.02576489533011272
0 0.5619967793880838 0.5040257648953301 0.03864734299516908 0.033011272141706925
1 0.5314009661835749 0.4887278582930757 0.017713365539452495 0.020128824476650563
