0 0.500402576489533 0.5092592592592593 0.04589371980676329 0.043478260869565216
0 0.7544283413848631 0.5434782608695652 0.20128824476650564 0.11352657004830918
0 0.6892109500805152 0.5249597423510467 0.1497584541062802 0.07648953301127215
0 0.6594202898550725 0.5112721417069244 0.11755233494363929 0.061996779388083734
1 0.5986312399355878 0.500402576489533 0.10064412238325282 0.05152979066022544
0 0.572463768115942 0.501610305958132 0.07246376811594203 0.029790660225442835
0 0.5466988727858293 0.49597423510466987 0.04669887278582931 0.018518518518518517
0 0.27616747181964574 0.5076489533011272 0.06602254428341385 0.03542673107890499
1 0.4110305958132045 0.49074074074074076 0.039452495974235106 0.03542673107890499
0 0.31602254428341386 0.5048309178743962 0.04750402576489533 0.02818035426731079
0 0.3474235104669887 0.5036231884057971 0.036231884057971016 0.01932367149758454
0 0.39170692431562 0.4975845410628019 0.02818035426731079 0.015297906602254429
0 0.2604669887278583 0.5040257648953301 0.039452495974235106 0.023349436392914653
0 0.005636070853462158 0.5068438003220612 0.011272141706924315 0.027375201288244767
