0 0.5108695652173914 0.5225442834138486 0.05555555555555555 0.05394524959742351
0 0.6843800322061192 0.5245571658615137 0.14170692431561996 0.07246376811594203
0 0.6030595813204509 0.5124798711755234 0.07568438003220612 0.03864734299516908
0 0.5736714975845411 0.5084541062801933 0.06521739130434782 0.027375201288244767
0 0.2556360708534622 0.533816425120773 0.11191626409017713 0.06038647342995169
0 0.4001610305958132 0.5108695652173914 0.040257648953301126 0.028985507246376812
0 0.44605475040257647 0.5044283413848631 0.027375201288244767 0.01932367149758454
0 0.25201288244766507 0.5229468599033816 0.0853462157809984 0.03864734299516908
0 0.30112721417069244 0.5128824476650563 0.05475040257648953 0.036231884057971016
0 0.48429951690821255 0.500805152979066 0.021739130434782608 0.012077294685990338
0 0.357085346215781 0.5096618357487923 0.04106280193236715 0.023349436392914653
0 0.41304347826086957 0.5056360708534622 0.037037037037037035 0.016908212560386472
0 0.12640901771336555 0.5197262479871175 0.09178743961352658 0.040257648953301126
0 0.13043478260869565 0.5120772946859904 0.09017713365539452 0.02818035426731079
0 0.5297906602254429 0.499597423510467 0.020933977455716585 0.01288244766505636
