0 0.8671497584541062 0.5692431561996779 0.2640901771336554 0.16183574879227053
0 0.04830917874396135 0.5591787439613527 0.0966183574879227 0.1819645732689211
0 0.0966183574879227 0.5535426731078905 0.1932367149758454 0.10144927536231885
0 0.2000805152979066 0.539049919484702 0.21014492753623187 0.07729468599033816
0 0.2608695652173913 0.5301932367149759 0.17552334943639292 0.06924315619967794
0 0.2830112721417069 0.5233494363929146 0.12962962962962962 0.061996779388083734
0 0.3023349436392915 0.5185185185185185 0.15056360708534622 0.05394524959742351
0 0.3059581320450886 0.5152979066022544 0.10305958132045089 0.04589371980676329
0 0.3385668276972625 0.5124798711755234 0.10064412238325282 0.03864734299516908
0 0.3695652173913043 0.5080515297906603 0.07890499194847021 0.033011272141706925
0 0.37681159420289856 0.501610305958132 0.0821256038647343 0.03784219001610306
5 0.4617552334943639 0.5 0.007246376811594203 0.018518518518518517
0 0.5962157809983897 0.5257648953301127 0.07326892109500806 0.05555555555555555
0 0.6662640901771336 0.5124798711755234 0.11835748792270531 0.04830917874396135
0 0.5901771336553945 0.5020128824476651 0.0644122383252818 0.028985507246376812
0 0.5233494363929146 0.5024154589371981 0.02254428341384863 0.016908212560386472
