0 0.9565217391304348 0.5547504025764896 0.0853462157809984 0.1682769726247987
0 0.13285024154589373 0.5797101449275363 0.26570048309178745 0.14090177133655393
0 0.3252818035426731 0.5515297906602254 0.13848631239935588 0.09259259259259259
0 0.3832528180354267 0.5305958132045089 0.09178743961352658 0.061996779388083734
0 0.6139291465378421 0.5261674718196457 0.0748792270531401 0.06763285024154589
0 0.8973429951690821 0.5322061191626409 0.2037037037037037 0.11835748792270531
0 0.4227053140096618 0.5116747181964574 0.04669887278582931 0.040257648953301126
0 0.4307568438003221 0.5104669887278583 0.05152979066022544 0.029790660225442835
0 0.3997584541062802 0.49557165861513686 0.050724637681159424 0.017713365539452495
0 0.6227858293075684 0.5148953301127214 0.071658615136876 0.04830917874396135
0 0.6606280193236715 0.5072463768115942 0.07326892109500806 0.0426731078904992
0 0.8248792270531401 0.49838969404186795 0.08132045088566828 0.03462157809983897
0 0.7781803542673108 0.4923510466988728 0.06843800322061191 0.02254428341384863
