0 0.05636070853462158 0.5736714975845411 0.11272141706924316 0.1529790660225443
0 0.5281803542673108 0.5064412238325282 0.030595813204508857 0.021739130434782608
0 0.37278582930756843 0.5080515297906603 0.0853462157809984 0.03140096618357488
0 0.6380837359098228 0.5157004830917874 0.10869565217391304 0.040257648953301126
0 0.2785829307568438 0.5177133655394525 0.1529790660225443 0.061996779388083734
0 0.2576489533011272 0.5253623188405797 0.1819645732689211 0.061191626409017714
0 0.23148148148148148 0.534621578099839 0.20209339774557167 0.07326892109500806
0 0.15499194847020933 0.5426731078904992 0.23268921095008052 0.08776167471819646
0 0.12238325281803543 0.5611916264090178 0.24476650563607086 0.12318840579710146
0 0.7725442834138486 0.53341384863124 0.18438003220611915 0.07407407407407407
0 0.8365539452495975 0.5442834138486312 0.2286634460547504 0.08293075684380032
