0 0.5024154589371981 0.5144927536231884 0.057971014492753624 0.05555555555555555
0 0.8852657004830918 0.5603864734299517 0.2278582930756844 0.17954911433172302
1 0.6763285024154589 0.5104669887278583 0.16264090177133655 0.09420289855072464
0 0.6090982286634461 0.5060386473429952 0.10064412238325282 0.04508856682769726
0 0.5640096618357487 0.49557165861513686 0.05877616747181964 0.024154589371980676
0 0.5475040257648953 0.4943639291465378 0.040257648953301126 0.018518518518518517
0 0.16626409017713364 0.5165056360708534 0.1247987117552335 0.05636070853462158
1 0.3031400966183575 0.49516908212560384 0.11191626409017713 0.0861513687600644
0 0.249597423510467 0.5108695652173914 0.07568438003220612 0.040257648953301126
0 0.30152979066022545 0.5076489533011272 0.05233494363929147 0.02576489533011272
0 0.3695652173913043 0.49838969404186795 0.033816425120772944 0.018518518518518517
0 0.38446054750402575 0.49516908212560384 0.0249597423510467 0.020128824476650563
0 0.4082125603864734 0.4939613526570048 0.024154589371980676 0.014492753623188406
0 0.893317230273752 0.5088566827697263 0.11030595813204509 0.02818035426731079
0 0.18075684380032206 0.5096618357487923 0.06038647342995169 0.033011272141706925
