0 0.07125603864734299 0.5817230273752013 0.14251207729468598 0.13687600644122383
0 0.1292270531400966 0.5583735909822867 0.2584541062801932 0.10950080515297907
0 0.15056360708534622 0.5442834138486312 0.2608695652173913 0.07809983896940419
0 0.22987117552334943 0.5309983896940419 0.16022544283413848 0.06763285024154589
0 0.6384863123993558 0.537842190016103 0.1320450885668277 0.0861513687600644
0 0.34822866344605474 0.5120772946859904 0.10225442834138486 0.039452495974235106
0 0.5603864734299517 0.5056360708534622 0.04186795491143317 0.033011272141706925
0 0.3675523349436393 0.5076489533011272 0.08454106280193237 0.028985507246376812
0 0.3896940418679549 0.5032206119162641 0.06280193236714976 0.0249597423510467
1 0.5257648953301127 0.4883252818035427 0.017713365539452495 0.01932367149758454
