0 0.10950080515297907 0.5660225442834138 0.21900161030595813 0.1392914653784219
0 0.1288244766505636 0.5454911433172303 0.2431561996779388 0.10950080515297907
0 0.18800322061191627 0.534621578099839 0.250402576489533 0.08776167471819646
0 0.21980676328502416 0.5245571658615137 0.1610305958132045 0.06763285024154589
0 0.2745571658615137 0.5237520128824477 0.14814814814814814 0.05636070853462158
0 0.2882447665056361 0.5189210950080515 0.14653784219001612 0.0499194847020934
0 0.32971014492753625 0.5088566827697263 0.10386473429951691 0.0426731078904992
0 0.3442028985507246 0.5052334943639292 0.10547504025764895 0.04830917874396135
5 0.45088566827697263 0.5040257648953301 0.00966183574879227 0.023349436392914653
0 0.6747181964573269 0.5551529790660226 0.1529790660225443 0.10466988727858294
0 0.7459742351046699 0.5237520128824477 0.18438003220611915 0.07085346215780998
0 0.6686795491143317 0.5177133655394525 0.11030595813204509 0.04589371980676329
0 0.6159420289855072 0.5100644122383253 0.0966183574879227 0.0322061191626409
0 0.6099033816425121 0.5064412238325282 0.08132045088566828 0.036231884057971016
0 0.38808373590982287 0.5052334943639292 0.07246376811594203 0.024154589371980676
0 0.40177133655394526 0.5052334943639292 0.06280193236714976 0.02254428341384863
0 0.5253623188405797 0.5032206119162641 0.026570048309178744 0.020128824476650563
