0 0.6574074074074074 0.5028180354267311 0.14412238325281804 0.05152979066022544
0 0.9826892109500805 0.4750402576489533 0.033011272141706925 0.03784219001610306
0 0.8719806763285024 0.4782608695652174 0.08695652173913043 0.026570048309178744
0 0.8494363929146538 0.4806763285024155 0.08373590982286634 0.0249597423510467
0 0.4025764895330113 0.5060386473429952 0.040257648953301126 0.0322061191626409
0 0.4617552334943639 0.49838969404186795 0.02818035426731079 0.023349436392914653
0 0.6521739130434783 0.48711755233494364 0.07729468599033816 0.029790660225442835
0 0.7318840579710145 0.4810789049919485 0.03864734299516908 0.02254428341384863
0 0.7624798711755234 0.47987117552334946 0.04186795491143317 0.020128824476650563
0 0.5406602254428341 0.4939613526570048 0.02818035426731079 0.01932367149758454
