0 0.13083735909822866 0.5768921095008052 0.2616747181964573 0.14653784219001612
0 0.9066022544283414 0.5756843800322061 0.18518518518518517 0.14895330112721417
1 0.9734299516908212 0.49798711755233493 0.05152979066022544 0.10628019323671498
1 0.9009661835748792 0.5068438003220612 0.1964573268921095 0.12399355877616747
0 0.2753623188405797 0.5495169082125604 0.1529790660225443 0.09822866344605476
0 0.34903381642512077 0.5277777777777778 0.09903381642512077 0.06280193236714976
0 0.8107890499194848 0.5028180354267311 0.09500805152979067 0.05314009661835749
0 0.7298711755233495 0.5060386473429952 0.0861513687600644 0.043478260869565216
0 0.6944444444444444 0.5032206119162641 0.07326892109500806 0.039452495974235106
0 0.6803542673107891 0.5040257648953301 0.07407407407407407 0.03462157809983897
0 0.6626409017713365 0.500402576489533 0.07246376811594203 0.0322061191626409
0 0.5660225442834138 0.5152979066022544 0.05636070853462158 0.04428341384863124
0 0.4138486312399356 0.5112721417069244 0.05152979066022544 0.036231884057971016
1 0.42995169082125606 0.5020128824476651 0.043478260869565216 0.037037037037037035
0 0.6026570048309179 0.4971819645732689 0.05555555555555555 0.024154589371980676
2 0.5120772946859904 0.48752012882447665 0.040257648953301126 0.04186795491143317
