0 0.49597423510466987 0.5076489533011272 0.033816425120772944 0.0322061191626409
0 0.07971014492753623 0.535024154589372 0.15942028985507245 0.07407407407407407
0 0.7387278582930756 0.535024154589372 0.16988727858293076 0.0998389694041868
0 0.6888083735909822 0.5233494363929146 0.1473429951690821 0.071658615136876
0 0.6280193236714976 0.5181159420289855 0.11594202898550725 0.05314009661835749
0 0.6030595813204509 0.5108695652173914 0.09822866344605476 0.04830917874396135
0 0.5950080515297906 0.5088566827697263 0.09017713365539452 0.03784219001610306
0 0.5805152979066023 0.5056360708534622 0.08051529790660225 0.036231884057971016
0 0.4327697262479871 0.500402576489533 0.016908212560386472 0.01288244766505636
0 0.539049919484702 0.49798711755233493 0.0426731078904992 0.01610305958132045
1 0.5301932367149759 0.49516908212560384 0.03784219001610306 0.016908212560386472
0 0.4057971014492754 0.49838969404186795 0.01932367149758454 0.013687600644122383
