0 0.49476650563607083 0.5148953301127214 0.0426731078904992 0.03542673107890499
0 0.2689210950080515 0.5366344605475041 0.16747181964573268 0.08051529790660225
0 0.31602254428341386 0.5253623188405797 0.12640901771336555 0.0644122383252818
0 0.36272141706924316 0.5148953301127214 0.09098228663446055 0.040257648953301126
1 0.39331723027375204 0.49798711755233493 0.10064412238325282 0.05636070853462158
0 0.9194847020933977 0.537842190016103 0.15942028985507245 0.09742351046698873
1 0.5261674718196457 0.49798711755233493 0.0249597423510467 0.024154589371980676
0 0.49114331723027377 0.5044283413848631 0.027375201288244767 0.024154589371980676
1 0.41586151368760066 0.5028180354267311 0.07326892109500806 0.0322061191626409
0 0.10426731078904992 0.5088566827697263 0.11996779388083736 0.04750402576489533
0 0.18438003220611915 0.5080515297906603 0.07085346215780998 0.02818035426731079
2 0.3196457326892109 0.49516908212560384 0.05475040257648953 0.03784219001610306
