1 0.9947665056360708 0.5132850241545893 0.008856682769726247 0.14009661835748793
0 0.1324476650563607 0.5776972624798712 0.2648953301127214 0.14492753623188406
0 0.2826086956521739 0.5454911433172303 0.16586151368760063 0.09500805152979067
0 0.9086151368760065 0.5032206119162641 0.11835748792270531 0.071658615136876
0 0.7975040257648953 0.5080515297906603 0.107085346215781 0.0571658615136876
0 0.7419484702093397 0.5052334943639292 0.0893719806763285 0.0499194847020934
0 0.7194041867954911 0.5040257648953301 0.0893719806763285 0.0426731078904992
0 0.6948470209339774 0.5024154589371981 0.0853462157809984 0.039452495974235106
0 0.678743961352657 0.5024154589371981 0.0853462157809984 0.033011272141706925
0 0.5853462157809984 0.5181159420289855 0.07246376811594203 0.057971014492753624
0 0.5648148148148148 0.5128824476650563 0.04911433172302738 0.036231884057971016
0 0.39533011272141705 0.5128824476650563 0.0644122383252818 0.04428341384863124
1 0.4170692431561997 0.5036231884057971 0.05314009661835749 0.04508856682769726
0 0.6151368760064412 0.49597423510466987 0.06280193236714976 0.02818035426731079
2 0.5124798711755234 0.4851046698872786 0.04428341384863124 0.04508856682769726
