1 0.9512882447665056 0.5112721417069244 0.09581320450885668 0.13446054750402575
0 0.17149758454106281 0.5756843800322061 0.26247987117552335 0.14895330112721417
0 0.30958132045088566 0.5366344605475041 0.1360708534621578 0.08051529790660225
0 0.8679549114331723 0.5020128824476651 0.10950080515297907 0.0644122383252818
0 0.7701288244766505 0.5052334943639292 0.09903381642512077 0.05152979066022544
0 0.7222222222222222 0.5040257648953301 0.08373590982286634 0.04589371980676329
0 0.7024959742351047 0.5036231884057971 0.08293075684380032 0.03864734299516908
0 0.6819645732689211 0.499597423510467 0.08051529790660225 0.037037037037037035
0 0.5768921095008052 0.5152979066022544 0.06521739130434782 0.05233494363929147
0 0.5595813204508857 0.5116747181964574 0.04508856682769726 0.033816425120772944
0 0.40096618357487923 0.5100644122383253 0.05958132045088567 0.04186795491143317
1 0.42069243156199676 0.501207729468599 0.04911433172302738 0.04186795491143317
0 0.6082930756843801 0.49516908212560384 0.06038647342995169 0.026570048309178744
2 0.5108695652173914 0.48470209339774556 0.0426731078904992 0.04428341384863124
