0 0.13808373590982287 0.5825281803542673 0.27616747181964574 0.13526570048309178
1 0.3272946859903382 0.5205314009661836 0.17149758454106281 0.15458937198067632
0 0.8132045088566827 0.5495169082125604 0.3719806763285024 0.13526570048309178
0 0.08856682769726248 0.5837359098228664 0.17713365539452497 0.13285024154589373
0 0.6159420289855072 0.5148953301127214 0.1642512077294686 0.06763285024154589
1 0.4174718196457327 0.5084541062801933 0.071658615136876 0.061191626409017714
0 0.20652173913043478 0.5499194847020934 0.15539452495974235 0.0893719806763285
0 0.533011272141707 0.5048309178743962 0.033816425120772944 0.029790660225442835
0 0.5193236714975845 0.5024154589371981 0.030595813204508857 0.02818035426731079
0 0.4464573268921095 0.49597423510466987 0.013687600644122383 0.015297906602254429
