0 0.06642512077294686 0.5406602254428341 0.13285024154589373 0.12399355877616747
0 0.16344605475040258 0.535829307568438 0.2914653784219002 0.09178743961352658
1 0.20249597423510468 0.49476650563607083 0.29549114331723025 0.13848631239935588
0 0.6827697262479872 0.5571658615136876 0.18840579710144928 0.11674718196457327
0 0.7588566827697263 0.5253623188405797 0.16183574879227053 0.06280193236714976
0 0.6900161030595813 0.5173107890499195 0.15780998389694043 0.0499194847020934
0 0.30917874396135264 0.5096618357487923 0.13043478260869565 0.04589371980676329
0 0.5201288244766505 0.4975845410628019 0.020933977455716585 0.015297906602254429
0 0.4138486312399356 0.49597423510466987 0.05636070853462158 0.020128824476650563
0 0.5825281803542673 0.5020128824476651 0.06360708534621579 0.024154589371980676
0 0.37318840579710144 0.5048309178743962 0.08776167471819646 0.033011272141706925
0 0.6252012882447665 0.5048309178743962 0.07971014492753623 0.033011272141706925
