0 0.9255233494363929 0.5994363929146538 0.1473429951690821 0.10144927536231885
0 0.38808373590982287 0.53341384863124 0.09178743961352658 0.07407407407407407
0 0.7455716586151369 0.5849436392914654 0.2286634460547504 0.13043478260869565
0 0.6195652173913043 0.5454911433172303 0.10225442834138486 0.0853462157809984
0 0.57085346215781 0.5297906602254429 0.06924315619967794 0.05555555555555555
0 0.41545893719806765 0.5281803542673108 0.05636070853462158 0.050724637681159424
0 0.5515297906602254 0.5193236714975845 0.0499194847020934 0.039452495974235106
0 0.533816425120773 0.5144927536231884 0.03864734299516908 0.03140096618357488
0 0.44806763285024154 0.5104669887278583 0.02818035426731079 0.023349436392914653
0 0.4601449275362319 0.5060386473429952 0.0249597423510467 0.02576489533011272
0 0.47061191626409016 0.5056360708534622 0.023349436392914653 0.021739130434782608
