0 0.604754230459307 0.5269943593875906 0.0862207896857373 0.058823529411764705
0 0.048751007252215955 0.5862207896857373 0.09750201450443191 0.128928283642224
0 0.3211120064464142 0.532634971796938 0.1200644641418211 0.08138597904915391
0 0.5338436744560838 0.5028203062046737 0.033037872683319904 0.0249798549556809
0 0.13738920225624496 0.5338436744560838 0.1635777598710717 0.07413376309427881
0 0.38033843674456086 0.5165189363416599 0.06768734891216761 0.04593070104754231
0 0.28646253021756646 0.5169218372280419 0.07010475423045931 0.038678485092667206
0 0.3380338436744561 0.5096696212731668 0.0443190975020145 0.0273972602739726
1 0.3646253021756648 0.500402900886382 0.031426269137792104 0.0265914585012087
0 0.4290894439967768 0.5024174053182917 0.0265914585012087 0.019339242546333603
1 0.3896051571313457 0.49798549556809024 0.029814665592264304 0.021756647864625302
0 0.48348106365834004 0.5 0.020950846091861403 0.019339242546333603
0 0.5052377115229654 0.49717969379532634 0.011281224818694601 0.012087026591458501
