0 0.4782608695652174 0.5136876006441223 0.04669887278582931 0.03784219001610306
0 0.18800322061191627 0.5780998389694042 0.32286634460547503 0.14412238325281804
0 0.32689210950080516 0.5499194847020934 0.13687600644122383 0.09259259259259259
0 0.21698872785829307 0.539049919484702 0.14090177133655393 0.07246376811594203
0 0.32689210950080516 0.5144927536231884 0.08695652173913043 0.03784219001610306
0 0.3470209339774557 0.5100644122383253 0.08051529790660225 0.037037037037037035
0 0.37278582930756843 0.5064412238325282 0.057971014492753624 0.0249597423510467
0 0.43719806763285024 0.5044283413848631 0.033816425120772944 0.024154589371980676
0 0.3973429951690821 0.500402576489533 0.05555555555555555 0.020933977455716585
0 0.750402576489533 0.5684380032206119 0.24798711755233493 0.16344605475040258
0 0.5434782608695652 0.5112721417069244 0.04669887278582931 0.03462157809983897
2 0.5366344605475041 0.48429951690821255 0.05394524959742351 0.06280193236714976
0 0.13003220611916264 0.5148953301127214 0.09742351046698873 0.03542673107890499
0 0.4822866344605475 0.5040257648953301 0.028985507246376812 0.026570048309178744
