0 0.49476650563607083 0.5080515297906603 0.036231884057971016 0.03462157809983897
0 0.8872785829307569 0.572866344605475 0.22383252818035426 0.15458937198067632
0 0.7753623188405797 0.5483091787439613 0.22705314009661837 0.13768115942028986
0 0.7045088566827697 0.5322061191626409 0.15136876006441224 0.08132045088566828
0 0.6557971014492754 0.5205314009661836 0.1360708534621578 0.057971014492753624
0 0.4142512077294686 0.501610305958132 0.023349436392914653 0.015297906602254429
0 0.32608695652173914 0.5185185185185185 0.0644122383252818 0.039452495974235106
0 0.5877616747181964 0.5064412238325282 0.0853462157809984 0.03462157809983897
0 0.5619967793880838 0.5028180354267311 0.06602254428341385 0.02576489533011272
1 0.5410628019323671 0.49557165861513686 0.05152979066022544 0.024154589371980676
0 0.36996779388083734 0.500402576489533 0.029790660225442835 0.01932367149758454
0 0.38405797101449274 0.499194847020934 0.024154589371980676 0.016908212560386472
0 0.3474235104669887 0.499597423510467 0.018518518518518517 0.014492753623188406
