0 0.4971819645732689 0.5092592592592593 0.0426731078904992 0.03542673107890499
0 0.19847020933977455 0.5430756843800322 0.15056360708534622 0.0853462157809984
0 0.26207729468599034 0.5261674718196457 0.1392914653784219 0.07085346215780998
0 0.32971014492753625 0.5136876006441223 0.09420289855072464 0.039452495974235106
0 0.42995169082125606 0.5157004830917874 0.05314009661835749 0.03864734299516908
0 0.4464573268921095 0.5092592592592593 0.0426731078904992 0.033816425120772944
0 0.38486312399355876 0.5032206119162641 0.07407407407407407 0.029790660225442835
0 0.6264090177133655 0.534621578099839 0.10628019323671498 0.07326892109500806
2 0.5897745571658615 0.4830917874396135 0.09581320450885668 0.10225442834138486
0 0.5374396135265701 0.501207729468599 0.029790660225442835 0.024154589371980676
2 0.5193236714975845 0.48470209339774556 0.030595813204508857 0.039452495974235106
0 0.49074074074074076 0.5020128824476651 0.02818035426731079 0.02576489533011272
0 0.1972624798711755 0.5068438003220612 0.06924315619967794 0.030595813204508857
