0 0.9742351046698873 0.5833333333333334 0.0499194847020934 0.13365539452495975
0 0.7636876006441223 0.5696457326892109 0.2391304347826087 0.15136876006441224
0 0.17834138486312398 0.5583735909822867 0.17632850241545894 0.0966183574879227
0 0.38405797101449274 0.5132850241545893 0.037037037037037035 0.02576489533011272
0 0.5362318840579711 0.5024154589371981 0.0322061191626409 0.0249597423510467
0 0.3993558776167472 0.5096618357487923 0.0322061191626409 0.021739130434782608
0 0.13083735909822866 0.5225442834138486 0.05877616747181964 0.023349436392914653
0 0.1642512077294686 0.5205314009661836 0.05314009661835749 0.02254428341384863
0 0.1964573268921095 0.5189210950080515 0.05636070853462158 0.024154589371980676
0 0.23389694041867956 0.5189210950080515 0.04911433172302738 0.024154589371980676
