0 0.467767929089444 0.5060435132957293 0.033037872683319904 0.029814665592264304
0 0.12771958098307817 0.5749395648670427 0.25543916196615635 0.1514907332796132
0 0.2832393231265109 0.5451248992747784 0.13295729250604352 0.0854149879129734
0 0.09871071716357777 0.5435132957292506 0.19742143432715553 0.08380338436744561
0 0.05076551168412571 0.5290088638195004 0.10153102336825141 0.05801772763900081
0 0.21514907332796132 0.5217566478646253 0.09669621273166801 0.0499597099113618
1 0.3090249798549557 0.5008058017727639 0.07655116841257051 0.06285253827558421
0 0.18654311039484286 0.516116035455278 0.08460918614020951 0.037066881547139406
0 0.33924254633360196 0.5076551168412571 0.041901692183722805 0.0265914585012087
2 0.43190975020145045 0.4871071716357776 0.0257856567284448 0.038678485092667206
0 0.2602739726027397 0.5072522159548751 0.0499597099113618 0.0273972602739726
