0 0.5241545893719807 0.537842190016103 0.09339774557165861 0.08776167471819646
0 0.6332528180354268 0.5120772946859904 0.10225442834138486 0.04750402576489533
0 0.5857487922705314 0.5072463768115942 0.06038647342995169 0.029790660225442835
0 0.5660225442834138 0.5044283413848631 0.05475040257648953 0.02254428341384863
0 0.28180354267310787 0.5277777777777778 0.08695652173913043 0.0499194847020934
0 0.0929951690821256 0.5410628019323671 0.16505636070853463 0.06360708534621579
0 0.42995169082125606 0.5036231884057971 0.028985507246376812 0.01932367149758454
0 0.4714170692431562 0.499194847020934 0.021739130434782608 0.015297906602254429
0 0.30958132045088566 0.5132850241545893 0.06038647342995169 0.028985507246376812
0 0.34057971014492755 0.5072463768115942 0.04186795491143317 0.029790660225442835
0 0.3832528180354267 0.5040257648953301 0.03542673107890499 0.020128824476650563
0 0.428341384863124 0.5028180354267311 0.0322061191626409 0.014492753623188406
0 0.214170692431562 0.5116747181964574 0.0644122383252818 0.030595813204508857
0 0.20330112721417068 0.5068438003220612 0.06843800322061191 0.02254428341384863
