0 0.4927536231884058 0.5112721417069244 0.04508856682769726 0.036231884057971016
0 0.2246376811594203 0.5450885668276972 0.18035426731078905 0.09581320450885668
0 0.3007246376811594 0.5245571658615137 0.14895330112721417 0.08695652173913043
0 0.3607085346215781 0.5169082125603864 0.10789049919484701 0.04428341384863124
0 0.37077294685990336 0.5116747181964574 0.09420289855072464 0.03864734299516908
0 0.3969404186795491 0.5040257648953301 0.06602254428341385 0.026570048309178744
0 0.4142512077294686 0.5024154589371981 0.0571658615136876 0.023349436392914653
1 0.6207729468599034 0.5088566827697263 0.11916264090177134 0.09742351046698873
0 0.5418679549114331 0.5020128824476651 0.027375201288244767 0.020933977455716585
1 0.5233494363929146 0.4923510466988728 0.02254428341384863 0.024154589371980676
0 0.4883252818035427 0.5028180354267311 0.029790660225442835 0.02576489533011272
0 0.05756843800322061 0.5458937198067633 0.11513687600644122 0.09098228663446055
0 0.07367149758454106 0.5161030595813204 0.14412238325281804 0.04750402576489533
1 0.2427536231884058 0.5032206119162641 0.09742351046698873 0.06521739130434782
0 0.17310789049919484 0.5068438003220612 0.07890499194847021 0.03864734299516908
