0 0.3756038647342995 0.49074074074074076 0.04428341384863124 0.033816425120772944
0 0.4053945249597424 0.4919484702093398 0.04428341384863124 0.0249597423510467
0 0.44847020933977455 0.4915458937198068 0.05152979066022544 0.02254428341384863
1 0.5660225442834138 0.4859098228663446 0.05152979066022544 0.027375201288244767
0 0.5877616747181964 0.4883252818035427 0.03864734299516908 0.01932367149758454
0 0.6207729468599034 0.48711755233494364 0.04186795491143317 0.020128824476650563
0 0.6465378421900161 0.4891304347826087 0.04830917874396135 0.01610305958132045
0 0.6694847020933977 0.4891304347826087 0.036231884057971016 0.01610305958132045
0 0.6896135265700483 0.4895330112721417 0.039452495974235106 0.015297906602254429
0 0.710950080515298 0.4883252818035427 0.04669887278582931 0.01610305958132045
1 0.748389694041868 0.4830917874396135 0.04911433172302738 0.021739130434782608
0 0.7673107890499195 0.4859098228663446 0.04508856682769726 0.014492753623188406
0 0.784621578099839 0.4863123993558776 0.039452495974235106 0.013687600644122383
