0 0.13325281803542674 0.5789049919484702 0.2665056360708535 0.14251207729468598
0 0.9581320450885669 0.5177133655394525 0.0821256038647343 0.09581320450885668
0 0.8824476650563607 0.5096618357487923 0.1320450885668277 0.07809983896940419
0 0.821658615136876 0.5068438003220612 0.12318840579710146 0.061191626409017714
0 0.7757648953301127 0.5032206119162641 0.11513687600644122 0.05394524959742351
0 0.7439613526570048 0.5036231884057971 0.10950080515297907 0.04186795491143317
0 0.6549919484702094 0.535829307568438 0.13285024154589373 0.0966183574879227
0 0.6038647342995169 0.5201288244766505 0.07246376811594203 0.050724637681159424
0 0.36513687600644124 0.5233494363929146 0.09903381642512077 0.06521739130434782
1 0.40458937198067635 0.5080515297906603 0.07326892109500806 0.05877616747181964
0 0.6493558776167472 0.49315619967793883 0.07809983896940419 0.033816425120772944
0 0.44122383252818037 0.5044283413848631 0.040257648953301126 0.030595813204508857
0 0.48027375201288247 0.4967793880837359 0.05233494363929147 0.018518518518518517
2 0.5245571658615137 0.4826892109500805 0.050724637681159424 0.05314009661835749
