0 0.501610305958132 0.5189210950080515 0.05314009661835749 0.043478260869565216
1 0.8530595813204509 0.5293880837359098 0.2922705314009662 0.24154589371980675
1 0.04468599033816425 0.5189210950080515 0.0893719806763285 0.0821256038647343
0 0.14049919484702095 0.5692431561996779 0.2359098228663446 0.16183574879227053
0 0.24194847020933977 0.5422705314009661 0.18760064412238325 0.09178743961352658
0 0.3031400966183575 0.5314009661835749 0.16183574879227053 0.06843800322061191
0 0.3784219001610306 0.5157004830917874 0.09178743961352658 0.04508856682769726
0 0.4243156199677939 0.5040257648953301 0.061191626409017714 0.0249597423510467
0 0.6396940418679549 0.5305958132045089 0.09581320450885668 0.05877616747181964
0 0.5958132045088567 0.5120772946859904 0.06280193236714976 0.04589371980676329
0 0.49798711755233493 0.5064412238325282 0.03140096618357488 0.02818035426731079
0 0.1710950080515298 0.5052334943639292 0.09259259259259259 0.03542673107890499
1 0.6678743961352657 0.49516908212560384 0.07326892109500806 0.029790660225442835
