0 0.45652173913043476 0.5116747181964574 0.03864734299516908 0.030595813204508857
0 0.1497584541062802 0.5845410628019324 0.2995169082125604 0.13123993558776167
0 0.08856682769726248 0.5692431561996779 0.17713365539452497 0.14090177133655393
0 0.27938808373590984 0.5233494363929146 0.12238325281803543 0.04750402576489533
0 0.321256038647343 0.5165056360708534 0.09017713365539452 0.043478260869565216
0 0.3607085346215781 0.5116747181964574 0.07729468599033816 0.030595813204508857
0 0.3828502415458937 0.5104669887278583 0.0571658615136876 0.026570048309178744
1 0.394122383252818 0.5020128824476651 0.05877616747181964 0.028985507246376812
0 0.605877616747182 0.5394524959742351 0.11191626409017713 0.08132045088566828
0 0.5748792270531401 0.5269726247987118 0.0644122383252818 0.05314009661835749
0 0.5462962962962963 0.5173107890499195 0.0571658615136876 0.04186795491143317
2 0.5241545893719807 0.48792270531400966 0.05636070853462158 0.07326892109500806
0 0.18438003220611915 0.5148953301127214 0.07246376811594203 0.0322061191626409
0 0.4669887278582931 0.5064412238325282 0.028985507246376812 0.0249597423510467
