0 0.47665056360708535 0.5148953301127214 0.04669887278582931 0.03864734299516908
0 0.05676328502415459 0.5785024154589372 0.11352657004830918 0.143317230273752
0 0.17673107890499196 0.5881642512077294 0.3534621578099839 0.12399355877616747
0 0.3272946859903382 0.5531400966183575 0.13446054750402575 0.10225442834138486
0 0.37077294685990336 0.533011272141707 0.0861513687600644 0.061996779388083734
0 0.2805958132045089 0.5281803542673108 0.10869565217391304 0.05233494363929147
0 0.4359903381642512 0.5044283413848631 0.02818035426731079 0.020933977455716585
0 0.8115942028985508 0.5817230273752013 0.3752012882447665 0.13687600644122383
0 0.6280193236714976 0.538244766505636 0.12077294685990338 0.09178743961352658
0 0.5277777777777778 0.5108695652173914 0.039452495974235106 0.028985507246376812
2 0.5229468599033816 0.48429951690821255 0.04750402576489533 0.05475040257648953
0 0.17592592592592593 0.5116747181964574 0.07648953301127215 0.028985507246376812
0 0.4754428341384863 0.5068438003220612 0.029790660225442835 0.027375201288244767
0 0.04508856682769726 0.5253623188405797 0.09017713365539452 0.04669887278582931
