0 0.9871175523349437 0.5394524959742351 0.024154589371980676 0.2214170692431562
0 0.26851851851851855 0.5434782608695652 0.13768115942028986 0.08776167471819646
0 0.18115942028985507 0.573268921095008 0.36231884057971014 0.1537842190016103
0 0.785426731078905 0.4863123993558776 0.1537842190016103 0.05555555555555555
0 0.8760064412238325 0.48188405797101447 0.07729468599033816 0.037037037037037035
1 0.9750402576489533 0.4746376811594203 0.04830917874396135 0.04186795491143317
0 0.9182769726247987 0.4822866344605475 0.08776167471819646 0.033011272141706925
0 0.3780193236714976 0.5165056360708534 0.0571658615136876 0.037037037037037035
0 0.34098228663446056 0.5273752012882448 0.0861513687600644 0.05555555555555555
0 0.5696457326892109 0.5052334943639292 0.04428341384863124 0.030595813204508857
0 0.4005636070853462 0.5120772946859904 0.04106280193236715 0.03140096618357488
0 0.5088566827697263 0.5064412238325282 0.028985507246376812 0.023349436392914653
0 0.5797101449275363 0.501207729468599 0.07407407407407407 0.02576489533011272
0 0.49838969404186795 0.49516908212560384 0.033816425120772944 0.012077294685990338
