0 0.05394524959742351 0.5901771336553945 0.10789049919484701 0.11996779388083736
0 0.15056360708534622 0.5664251207729468 0.1996779388083736 0.10466988727858294
0 0.27375201288244766 0.5370370370370371 0.1111111111111111 0.06038647342995169
0 0.9021739130434783 0.500402576489533 0.19404186795491143 0.0853462157809984
0 0.8490338164251208 0.49557165861513686 0.15056360708534622 0.07246376811594203
0 0.788647342995169 0.4963768115942029 0.1457326892109501 0.061191626409017714
0 0.7310789049919485 0.4971819645732689 0.12721417069243157 0.04830917874396135
0 0.3474235104669887 0.5201288244766505 0.06843800322061191 0.039452495974235106
0 0.5962157809983897 0.5165056360708534 0.07809983896940419 0.05314009661835749
0 0.570450885668277 0.5096618357487923 0.05233494363929147 0.0426731078904992
