0 0.564867042707494 0.5141015310233682 0.0531829170024174 0.0394842868654311
0 0.5136986301369864 0.500402900886382 0.021756647864625302 0.016921837228041903
0 0.14947622884770345 0.5769540692989524 0.2989524576954069 0.14746172441579372
0 0.06688154713940371 0.5515713134568896 0.13376309427880742 0.09830781627719581
0 0.3577759871071716 0.5169218372280419 0.072522159548751 0.0499597099113618
0 0.2465753424657534 0.5177276390008058 0.088638195004029 0.045124899274778404
1 0.314262691377921 0.5056406124093473 0.0499597099113618 0.038678485092667206
0 0.40612409347300565 0.5064464141821112 0.038678485092667206 0.0257856567284448
1 0.3577759871071716 0.5012087026591459 0.045124899274778404 0.029814665592264304
0 0.43110394842868655 0.5032232070910556 0.022562449637389202 0.019339242546333603
0 0.48428686543110394 0.5028203062046737 0.0257856567284448 0.023368251410153102
0 0.38759065269943593 0.5020145044319098 0.029008863819500404 0.018533440773569703
1 0.387187751813054 0.49798549556809024 0.0265914585012087 0.021756647864625302
