0 0.5744766505636071 0.5173107890499195 0.06521739130434782 0.0499194847020934
0 0.09782608695652174 0.5917874396135265 0.1956521739130435 0.11674718196457327
0 0.8603059581320451 0.5148953301127214 0.25201288244766507 0.07085346215780998
0 0.789049919484702 0.49879227053140096 0.18679549114331723 0.07246376811594203
0 0.3446054750402576 0.5177133655394525 0.061191626409017714 0.0426731078904992
0 0.22181964573268922 0.5446859903381642 0.13446054750402575 0.07407407407407407
0 0.7024959742351047 0.500805152979066 0.1280193236714976 0.04428341384863124
0 0.39009661835748793 0.5096618357487923 0.03784219001610306 0.026570048309178744
0 0.9444444444444444 0.4851046698872786 0.10950080515297907 0.037037037037037035
0 0.9037842190016103 0.48188405797101447 0.11030595813204509 0.030595813204508857
1 0.9923510466988728 0.47906602254428343 0.013687600644122383 0.05233494363929147
