0 0.539049919484702 0.5660225442834138 0.16183574879227053 0.15217391304347827
0 0.961352657004831 0.570450885668277 0.07568438003220612 0.15942028985507245
0 0.6272141706924316 0.5076489533011272 0.09822866344605476 0.04508856682769726
0 0.5833333333333334 0.5028180354267311 0.05877616747181964 0.028985507246376812
0 0.5644122383252818 0.5 0.05314009661835749 0.021739130434782608
0 0.4392109500805153 0.499194847020934 0.0249597423510467 0.016908212560386472
0 0.11191626409017713 0.533816425120773 0.15136876006441224 0.05877616747181964
0 0.4863123993558776 0.49355877616747185 0.01932367149758454 0.012077294685990338
0 0.3136070853462158 0.5088566827697263 0.05877616747181964 0.02818035426731079
0 0.3438003220611916 0.5028180354267311 0.040257648953301126 0.028985507246376812
0 0.3852657004830918 0.499597423510467 0.03462157809983897 0.01932367149758454
0 0.42995169082125606 0.49798711755233493 0.030595813204508857 0.014492753623188406
0 0.2210144927536232 0.5068438003220612 0.061996779388083734 0.028985507246376812
0 0.21175523349436393 0.5036231884057971 0.06602254428341385 0.020933977455716585
