0 0.4863123993558776 0.499194847020934 0.01932367149758454 0.018518518518518517
0 0.42351046698872785 0.5100644122383253 0.043478260869565216 0.033816425120772944
0 0.7028985507246377 0.5571658615136876 0.18679549114331723 0.1215780998389694
0 0.6171497584541062 0.5309983896940419 0.11030595813204509 0.0821256038647343
0 0.5825281803542673 0.5181159420289855 0.06682769726247988 0.061191626409017714
0 0.5483091787439613 0.5088566827697263 0.04508856682769726 0.03462157809983897
0 0.5245571658615137 0.501610305958132 0.0249597423510467 0.021739130434782608
0 0.538647342995169 0.5060386473429952 0.03542673107890499 0.030595813204508857
0 0.3365539452495974 0.5056360708534622 0.05314009661835749 0.020128824476650563
0 0.26811594202898553 0.5060386473429952 0.05958132045088567 0.020933977455716585
