1 0.5813204508856683 0.5185185185185185 0.08051529790660225 0.08776167471819646
0 0.32648953301127215 0.5318035426731079 0.12640901771336555 0.06280193236714976
0 0.22946859903381642 0.5229468599033816 0.1497584541062802 0.07890499194847021
0 0.49114331723027377 0.5096618357487923 0.05314009661835749 0.04106280193236715
0 0.8454106280193237 0.5197262479871175 0.15136876006441224 0.06763285024154589
0 0.6272141706924316 0.4971819645732689 0.037037037037037035 0.0322061191626409
1 0.6682769726247987 0.4867149758454106 0.043478260869565216 0.040257648953301126
0 0.9255233494363929 0.5152979066022544 0.1473429951690821 0.07326892109500806
0 0.9790660225442834 0.5181159420289855 0.040257648953301126 0.05314009661835749
2 0.6171497584541062 0.47987117552334946 0.0426731078904992 0.0571658615136876
0 0.07930756843800323 0.53341384863124 0.15861513687600645 0.057971014492753624
0 0.018115942028985508 0.5305958132045089 0.036231884057971016 0.0426731078904992
