0 0.49879227053140096 0.5108695652173914 0.0426731078904992 0.040257648953301126
0 0.055152979066022546 0.5821256038647343 0.11030595813204509 0.12318840579710146
0 0.8836553945249598 0.5660225442834138 0.23107890499194847 0.1682769726247987
0 0.677938808373591 0.5277777777777778 0.15619967793880837 0.07568438003220612
0 0.6497584541062802 0.5173107890499195 0.12238325281803543 0.057971014492753624
0 0.6288244766505636 0.5092592592592593 0.09822866344605476 0.0499194847020934
1 0.5833333333333334 0.500402576489533 0.08776167471819646 0.043478260869565216
0 0.5636070853462157 0.5024154589371981 0.06602254428341385 0.026570048309178744
0 0.5418679549114331 0.49798711755233493 0.043478260869565216 0.017713365539452495
0 0.2999194847020934 0.5064412238325282 0.05555555555555555 0.03140096618357488
1 0.42310789049919484 0.4927536231884058 0.033011272141706925 0.029790660225442835
0 0.3325281803542673 0.5056360708534622 0.04186795491143317 0.0249597423510467
0 0.35829307568438 0.5052334943639292 0.0322061191626409 0.017713365539452495
0 0.39573268921095006 0.5 0.026570048309178744 0.013687600644122383
0 0.28019323671497587 0.5056360708534622 0.033816425120772944 0.021739130434782608
0 0.04186795491143317 0.5080515297906603 0.03542673107890499 0.0249597423510467
