0 0.47703464947622887 0.5032232070910556 0.032232070910556 0.029008863819500404
0 0.06688154713940371 0.5813859790491539 0.13376309427880742 0.1385979049153908
0 0.08098307816277196 0.5475423045930701 0.16196615632554393 0.09024979854955681
0 0.2840451248992748 0.5382755842062853 0.1297340854149879 0.07332796132151491
0 0.24093473005640612 0.5181305398871877 0.08702659145850121 0.0443190975020145
0 0.3416599516518936 0.516116035455278 0.072522159548751 0.045124899274778404
1 0.40773569701853346 0.4967767929089444 0.045124899274778404 0.045124899274778404
0 0.4258662369057212 0.4991941982272361 0.0265914585012087 0.022562449637389202
1 0.4419822723609992 0.4927477840451249 0.018533440773569703 0.020950846091861403
0 0.01732473811442385 0.5302175664786463 0.0346494762288477 0.07010475423045931
