0 0.0571658615136876 0.5752818035426731 0.1143317230273752 0.1497584541062802
0 0.09581320450885668 0.5551529790660226 0.19162640901771336 0.12238325281803543
0 0.6296296296296297 0.5398550724637681 0.1111111111111111 0.07407407407407407
0 0.16666666666666666 0.5414653784219001 0.2318840579710145 0.09017713365539452
1 0.22383252818035426 0.5281803542673108 0.17713365539452497 0.08293075684380032
0 0.2805958132045089 0.5185185185185185 0.12640901771336555 0.0571658615136876
0 0.6755233494363929 0.5205314009661836 0.12721417069243157 0.040257648953301126
0 0.6078904991948471 0.5068438003220612 0.09017713365539452 0.03542673107890499
0 0.34098228663446056 0.49838969404186795 0.09742351046698873 0.050724637681159424
1 0.5269726247987118 0.49597423510466987 0.03462157809983897 0.036231884057971016
0 0.37962962962962965 0.5040257648953301 0.07326892109500806 0.0249597423510467
0 0.3993558776167472 0.5 0.0644122383252818 0.026570048309178744
1 0.5124798711755234 0.49315619967793883 0.023349436392914653 0.027375201288244767
