0 0.09863123993558776 0.5817230273752013 0.1972624798711755 0.13687600644122383
0 0.5881642512077294 0.5213365539452496 0.08293075684380032 0.061191626409017714
0 0.19927536231884058 0.5193236714975845 0.1360708534621578 0.04911433172302738
0 0.6988727858293076 0.5551529790660226 0.17391304347826086 0.1143317230273752
0 0.5640096618357487 0.5124798711755234 0.05233494363929147 0.043478260869565216
0 0.37399355877616747 0.5140901771336553 0.05877616747181964 0.040257648953301126
0 0.3969404186795491 0.5064412238325282 0.04508856682769726 0.03784219001610306
0 0.8389694041867954 0.5780998389694042 0.32045088566827695 0.14412238325281804
0 0.4166666666666667 0.5044283413848631 0.03462157809983897 0.030595813204508857
1 0.5277777777777778 0.4891304347826087 0.036231884057971016 0.03864734299516908
0 0.4388083735909823 0.49838969404186795 0.017713365539452495 0.012077294685990338
