0 0.6537842190016103 0.5406602254428341 0.1497584541062802 0.11272141706924316
0 0.04186795491143317 0.5813204508856683 0.08373590982286634 0.13768115942028986
0 0.10587761674718196 0.5656199677938808 0.21175523349436393 0.12238325281803543
0 0.13727858293075684 0.5462962962962963 0.2745571658615137 0.09822866344605476
0 0.20128824476650564 0.5370370370370371 0.1996779388083736 0.07004830917874397
0 0.5921900161030595 0.5237520128824477 0.08293075684380032 0.05475040257648953
0 0.5523349436392915 0.5092592592592593 0.04508856682769726 0.040257648953301126
0 0.34098228663446056 0.5128824476650563 0.11030595813204509 0.039452495974235106
0 0.3534621578099839 0.5068438003220612 0.07407407407407407 0.040257648953301126
0 0.38808373590982287 0.5076489533011272 0.0644122383252818 0.02576489533011272
0 0.5293880837359098 0.5036231884057971 0.026570048309178744 0.020933977455716585
