0 0.2584541062801932 0.572463768115942 0.249597423510467 0.15539452495974235
0 0.8192431561996779 0.5752818035426731 0.35990338164251207 0.1497584541062802
0 0.6252012882447665 0.5515297906602254 0.1360708534621578 0.10225442834138486
0 0.35909822866344604 0.5362318840579711 0.0966183574879227 0.08293075684380032
0 0.39009661835748793 0.5237520128824477 0.071658615136876 0.05314009661835749
0 0.5740740740740741 0.5225442834138486 0.07568438003220612 0.0571658615136876
0 0.5446859903381642 0.5136876006441223 0.05394524959742351 0.0426731078904992
0 0.4327697262479871 0.5068438003220612 0.036231884057971016 0.028985507246376812
0 0.44847020933977455 0.500402576489533 0.030595813204508857 0.030595813204508857
0 0.4617552334943639 0.5 0.02818035426731079 0.0249597423510467
