0 0.07528180354267311 0.5748792270531401 0.15056360708534622 0.15056360708534622
0 0.7991143317230274 0.5688405797101449 0.321256038647343 0.16264090177133655
0 0.21215780998389694 0.5615942028985508 0.21014492753623187 0.13043478260869565
0 0.644524959742351 0.5277777777777778 0.13446054750402575 0.0821256038647343
1 0.5809178743961353 0.48792270531400966 0.09742351046698873 0.09581320450885668
0 0.5503220611916264 0.5 0.0426731078904992 0.04106280193236715
0 0.5430756843800322 0.5032206119162641 0.039452495974235106 0.03140096618357488
0 0.5189210950080515 0.499194847020934 0.026570048309178744 0.021739130434782608
0 0.41264090177133655 0.5048309178743962 0.026570048309178744 0.018518518518518517
0 0.500805152979066 0.49879227053140096 0.030595813204508857 0.020933977455716585
0 0.47665056360708535 0.49879227053140096 0.02254428341384863 0.014492753623188406
