5 0.15780998389694043 0.572463768115942 0.1529790660225443 0.15539452495974235
5 0.3244766505636071 0.5297906602254429 0.04669887278582931 0.0893719806763285
0 0.6646537842190016 0.5406602254428341 0.15217391304347827 0.10950080515297907
0 0.5950080515297906 0.5165056360708534 0.09017713365539452 0.07729468599033816
0 0.5664251207729468 0.5076489533011272 0.06360708534621579 0.057971014492753624
0 0.5515297906602254 0.5052334943639292 0.043478260869565216 0.03864734299516908
0 0.4367954911433172 0.49355877616747185 0.021739130434782608 0.021739130434782608
0 0.38446054750402575 0.5068438003220612 0.0426731078904992 0.0322061191626409
0 0.10386473429951691 0.5809178743961353 0.20772946859903382 0.13848631239935588
0 0.2250402576489533 0.5479066022544283 0.16183574879227053 0.09339774557165861
0 0.30434782608695654 0.5269726247987118 0.0998389694041868 0.06280193236714976
0 0.34863123993558776 0.5132850241545893 0.06763285024154589 0.04669887278582931
