0 0.926731078904992 0.538244766505636 0.14492753623188406 0.22383252818035426
0 0.28502415458937197 0.535829307568438 0.11916264090177134 0.07729468599033816
0 0.2560386473429952 0.571658615136876 0.28180354267310787 0.1570048309178744
0 0.7648953301127214 0.4867149758454106 0.143317230273752 0.05152979066022544
0 0.855072463768116 0.4822866344605475 0.07085346215780998 0.03462157809983897
1 0.9637681159420289 0.4758454106280193 0.07085346215780998 0.04106280193236715
0 0.894524959742351 0.4830917874396135 0.08051529790660225 0.03140096618357488
0 0.38003220611916266 0.5148953301127214 0.05314009661835749 0.03542673107890499
0 0.3466183574879227 0.5229468599033816 0.07971014492753623 0.05152979066022544
0 0.5632045088566827 0.5020128824476651 0.0426731078904992 0.028985507246376812
0 0.4005636070853462 0.5088566827697263 0.039452495974235106 0.029790660225442835
0 0.5048309178743962 0.5040257648953301 0.028985507246376812 0.021739130434782608
0 0.573268921095008 0.500805152979066 0.07085346215780998 0.0249597423510467
0 0.48711755233494364 0.4939613526570048 0.0322061191626409 0.01288244766505636
