0 0.1473429951690821 0.5744766505636071 0.2946859903381642 0.15136876006441224
0 0.9677938808373591 0.5785024154589372 0.06280193236714976 0.143317230273752
0 0.7636876006441223 0.5776972624798712 0.3132045088566828 0.14492753623188406
0 0.28703703703703703 0.5772946859903382 0.1892109500805153 0.1457326892109501
0 0.3643317230273752 0.5414653784219001 0.10386473429951691 0.07729468599033816
0 0.6179549114331723 0.538647342995169 0.11513687600644122 0.08293075684380032
0 0.5692431561996779 0.5249597423510467 0.07085346215780998 0.05555555555555555
0 0.4323671497584541 0.5144927536231884 0.04186795491143317 0.03462157809983897
0 0.4533011272141707 0.5068438003220612 0.03542673107890499 0.03542673107890499
0 0.46819645732689213 0.5052334943639292 0.03140096618357488 0.028985507246376812
