1 0.13043478260869565 0.5112721417069244 0.2608695652173913 0.24879227053140096
0 0.8454106280193237 0.5833333333333334 0.3075684380032206 0.13365539452495975
0 0.8961352657004831 0.570450885668277 0.20611916264090177 0.11272141706924316
0 0.7793880837359098 0.5438808373590982 0.23993558776167473 0.07407407407407407
0 0.24396135265700483 0.5322061191626409 0.18679549114331723 0.06521739130434782
0 0.5257648953301127 0.5128824476650563 0.024154589371980676 0.018518518518518517
0 0.40418679549114334 0.5120772946859904 0.0644122383252818 0.023349436392914653
0 0.6022544283413849 0.5173107890499195 0.07568438003220612 0.028985507246376812
0 0.3462157809983897 0.5205314009661836 0.1111111111111111 0.04186795491143317
0 0.2966988727858293 0.5293880837359098 0.15217391304347827 0.05475040257648953
0 0.6614331723027376 0.5233494363929146 0.10225442834138486 0.0426731078904992
0 0.6827697262479872 0.5277777777777778 0.1143317230273752 0.043478260869565216
