0 0.4814665592264303 0.5040290088638195 0.029814665592264304 0.0273972602739726
0 0.1200644641418211 0.580177276390008 0.2401289282836422 0.14101531023368252
0 0.053585817888799354 0.5588235294117647 0.10717163577759871 0.10797743755036261
0 0.2630942788074134 0.5221595487510072 0.09105560032232071 0.04754230459307011
0 0.3678485092667204 0.5286059629331185 0.0894439967767929 0.057211925866236905
0 0.330378726833199 0.5120870265914585 0.0547945205479452 0.032232070910556
0 0.4008863819500403 0.5108783239323127 0.0427074939564867 0.028203062046736505
1 0.4307010475423046 0.4927477840451249 0.031426269137792104 0.035455278001611606
0 0.072522159548751 0.5273972602739726 0.145044319097502 0.05962933118452861
0 0.22925060435132957 0.5128928283642225 0.0684931506849315 0.030620467365028204
0 0.27800161160354553 0.5056406124093473 0.0531829170024174 0.029008863819500404
