0 0.0893719806763285 0.5901771336553945 0.178743961352657 0.11996779388083736
0 0.8631239935587761 0.539049919484702 0.2721417069243156 0.13526570048309178
0 0.2536231884057971 0.5595813204508857 0.19806763285024154 0.11996779388083736
0 0.3695652173913043 0.5309983896940419 0.08695652173913043 0.061191626409017714
0 0.40418679549114334 0.5185185185185185 0.0644122383252818 0.04589371980676329
0 0.5756843800322061 0.5144927536231884 0.05475040257648953 0.050724637681159424
0 0.8019323671497585 0.5144927536231884 0.23349436392914655 0.07326892109500806
0 0.4255233494363929 0.5072463768115942 0.039452495974235106 0.03462157809983897
0 0.43196457326892107 0.5036231884057971 0.04589371980676329 0.02576489533011272
0 0.2999194847020934 0.49838969404186795 0.050724637681159424 0.016908212560386472
0 0.5917874396135265 0.5096618357487923 0.05958132045088567 0.03784219001610306
0 0.6260064412238325 0.5028180354267311 0.061996779388083734 0.03542673107890499
