0 0.5052334943639292 0.5120772946859904 0.050724637681159424 0.04106280193236715
0 0.14774557165861513 0.57085346215781 0.2278582930756844 0.15217391304347827
0 0.355877616747182 0.5193236714975845 0.12560386473429952 0.05394524959742351
0 0.39049919484702095 0.5072463768115942 0.07407407407407407 0.036231884057971016
0 0.4061996779388084 0.5040257648953301 0.07326892109500806 0.03140096618357488
0 0.4247181964573269 0.49838969404186795 0.06038647342995169 0.023349436392914653
1 0.44847020933977455 0.4895330112721417 0.05314009661835749 0.02818035426731079
0 0.8595008051529791 0.5684380032206119 0.27938808373590984 0.16344605475040258
0 0.6940418679549114 0.5374396135265701 0.13365539452495975 0.07729468599033816
0 0.6308373590982287 0.5217391304347826 0.08132045088566828 0.050724637681159424
0 0.6026570048309179 0.5072463768115942 0.06521739130434782 0.04750402576489533
0 0.17995169082125603 0.5229468599033816 0.15539452495974235 0.06280193236714976
0 0.2640901771336554 0.5120772946859904 0.09178743961352658 0.04428341384863124
0 0.5032206119162641 0.499194847020934 0.028985507246376812 0.026570048309178744
0 0.07326892109500806 0.5410628019323671 0.14653784219001612 0.09098228663446055
0 0.3007246376811594 0.5056360708534622 0.06038647342995169 0.036231884057971016
1 0.751610305958132 0.49516908212560384 0.11513687600644122 0.04428341384863124
0 0.09621578099838969 0.5120772946859904 0.10869565217391304 0.04750402576489533
