0 0.4939613526570048 0.5100644122383253 0.04750402576489533 0.03864734299516908
0 0.24355877616747182 0.535024154589372 0.16344605475040258 0.07407407407407407
0 0.2999194847020934 0.5257648953301127 0.12640901771336555 0.05555555555555555
0 0.3442028985507246 0.5100644122383253 0.07809983896940419 0.03864734299516908
0 0.4243156199677939 0.5148953301127214 0.057971014492753624 0.037037037037037035
0 0.391304347826087 0.5040257648953301 0.057971014492753624 0.0249597423510467
1 0.7008856682769726 0.5157004830917874 0.24074074074074073 0.1964573268921095
0 0.5893719806763285 0.5177133655394525 0.08051529790660225 0.05555555555555555
0 0.5660225442834138 0.5120772946859904 0.057971014492753624 0.03784219001610306
0 0.5515297906602254 0.5032206119162641 0.040257648953301126 0.03462157809983897
0 0.5221417069243156 0.5 0.023349436392914653 0.018518518518518517
0 0.07930756843800323 0.5398550724637681 0.15861513687600645 0.07246376811594203
1 0.18357487922705315 0.5116747181964574 0.143317230273752 0.07890499194847021
0 0.49074074074074076 0.5028180354267311 0.03140096618357488 0.028985507246376812
0 0.05434782608695652 0.5197262479871175 0.10869565217391304 0.043478260869565216
