0 0.8675523349436393 0.5780998389694042 0.2632850241545894 0.14412238325281804
0 0.26972624798711753 0.5157004830917874 0.10789049919484701 0.043478260869565216
5 0.8196457326892109 0.5169082125603864 0.0998389694041868 0.07004830917874397
0 0.5213365539452496 0.5 0.07326892109500806 0.02818035426731079
0 0.7049114331723028 0.49597423510466987 0.08132045088566828 0.023349436392914653
1 0.9214975845410628 0.49074074074074076 0.0893719806763285 0.0322061191626409
0 0.45692431561996777 0.501610305958132 0.0571658615136876 0.023349436392914653
0 0.22383252818035426 0.5064412238325282 0.07246376811594203 0.026570048309178744
0 0.4673913043478261 0.4967793880837359 0.020128824476650563 0.013687600644122383
0 0.43719806763285024 0.49798711755233493 0.024154589371980676 0.014492753623188406
