0 0.37278582930756843 0.53341384863124 0.10628019323671498 0.0821256038647343
0 0.8293075684380032 0.5829307568438004 0.3397745571658615 0.13446054750402575
0 0.6336553945249598 0.5426731078904992 0.12077294685990338 0.09581320450885668
0 0.5740740740740741 0.5229468599033816 0.07568438003220612 0.05958132045088567
0 0.4061996779388084 0.5285829307568438 0.061996779388083734 0.05475040257648953
0 0.42069243156199676 0.5157004830917874 0.050724637681159424 0.03864734299516908
0 0.5523349436392915 0.5120772946859904 0.05314009661835749 0.04106280193236715
0 0.534219001610306 0.5072463768115942 0.04106280193236715 0.033011272141706925
0 0.4444444444444444 0.5032206119162641 0.028985507246376812 0.0249597423510467
0 0.45692431561996777 0.49879227053140096 0.026570048309178744 0.02576489533011272
0 0.4669887278582931 0.49838969404186795 0.024154589371980676 0.021739130434782608
