0 0.499597423510467 0.5100644122383253 0.04428341384863124 0.04186795491143317
0 0.9545088566827697 0.5664251207729468 0.0893719806763285 0.16747181964573268
0 0.7097423510466989 0.534219001610306 0.17632850241545894 0.09017713365539452
0 0.6670692431561996 0.5205314009661836 0.13446054750402575 0.06602254428341385
0 0.642512077294686 0.5104669887278583 0.10628019323671498 0.05555555555555555
1 0.5901771336553945 0.500402576489533 0.09339774557165861 0.04669887278582931
0 0.5680354267310789 0.5024154589371981 0.06843800322061191 0.02818035426731079
0 0.5442834138486312 0.4967793880837359 0.04508856682769726 0.018518518518518517
0 0.2890499194847021 0.5068438003220612 0.061191626409017714 0.033816425120772944
1 0.4174718196457327 0.4919484702093398 0.036231884057971016 0.033011272141706925
0 0.3248792270531401 0.5056360708534622 0.04428341384863124 0.026570048309178744
0 0.3534621578099839 0.5048309178743962 0.033816425120772944 0.018518518518518517
0 0.39371980676328505 0.49879227053140096 0.027375201288244767 0.014492753623188406
0 0.27053140096618356 0.5044283413848631 0.037037037037037035 0.02254428341384863
0 0.018115942028985508 0.5064412238325282 0.036231884057971016 0.026570048309178744
