0 0.855877616747182 0.535829307568438 0.286634460547504 0.1111111111111111
0 0.06320450885668277 0.539049919484702 0.12640901771336555 0.2222222222222222
0 0.09178743961352658 0.5458937198067633 0.18357487922705315 0.10064412238325282
1 0.5789049919484702 0.499597423510467 0.08373590982286634 0.07890499194847021
0 0.2524154589371981 0.5217391304347826 0.177938808373591 0.0571658615136876
0 0.321256038647343 0.5084541062801933 0.1320450885668277 0.05314009661835749
1 0.535426731078905 0.4915458937198068 0.040257648953301126 0.043478260869565216
0 0.37600644122383253 0.501207729468599 0.057971014492753624 0.02576489533011272
0 0.39371980676328505 0.500402576489533 0.0644122383252818 0.02576489533011272
1 0.42351046698872785 0.4891304347826087 0.05958132045088567 0.028985507246376812
