0 0.1139291465378422 0.5821256038647343 0.2278582930756844 0.1360708534621578
0 0.8808373590982287 0.5740740740740741 0.23671497584541062 0.15217391304347827
1 0.22987117552334943 0.5446859903381642 0.2359098228663446 0.17391304347826086
0 0.7411433172302737 0.5688405797101449 0.25684380032206117 0.143317230273752
0 0.6396940418679549 0.5281803542673108 0.07971014492753623 0.06682769726247988
1 0.1215780998389694 0.501610305958132 0.2431561996779388 0.09420289855072464
0 0.6489533011272142 0.5092592592592593 0.07890499194847021 0.057971014492753624
1 0.5036231884057971 0.49516908212560384 0.029790660225442835 0.03140096618357488
1 0.712157809983897 0.4891304347826087 0.1280193236714976 0.04830917874396135
0 0.40096618357487923 0.5036231884057971 0.033816425120772944 0.02254428341384863
0 0.35466988727858295 0.49838969404186795 0.0426731078904992 0.03140096618357488
