0 0.49557165861513686 0.5076489533011272 0.03462157809983897 0.0322061191626409
0 0.09259259259259259 0.5314009661835749 0.17391304347826086 0.06843800322061191
0 0.715780998389694 0.5297906602254429 0.15619967793880837 0.0893719806763285
0 0.6751207729468599 0.5201288244766505 0.13768115942028986 0.06521739130434782
0 0.6199677938808373 0.5173107890499195 0.1111111111111111 0.0499194847020934
0 0.5978260869565217 0.5096618357487923 0.09420289855072464 0.04589371980676329
0 0.5909822866344605 0.5080515297906603 0.08695652173913043 0.036231884057971016
0 0.5768921095008052 0.5052334943639292 0.07648953301127215 0.033816425120772944
0 0.43478260869565216 0.5 0.01610305958132045 0.012077294685990338
0 0.538647342995169 0.4975845410628019 0.04186795491143317 0.015297906602254429
1 0.5297906602254429 0.49516908212560384 0.037037037037037035 0.016908212560386472
0 0.40700483091787437 0.49838969404186795 0.018518518518518517 0.013687600644122383
