0 0.071658615136876 0.5632045088566827 0.143317230273752 0.13043478260869565
0 0.13003220611916264 0.5503220611916264 0.26006441223832527 0.10305958132045089
0 0.1642512077294686 0.534621578099839 0.24154589371980675 0.08132045088566828
0 0.8683574879227053 0.5744766505636071 0.2616747181964573 0.15136876006441224
0 0.5986312399355878 0.5277777777777778 0.07971014492753623 0.05475040257648953
0 0.25684380032206117 0.5261674718196457 0.1610305958132045 0.0644122383252818
1 0.2898550724637681 0.5213365539452496 0.13043478260869565 0.06280193236714976
0 0.322463768115942 0.5144927536231884 0.10064412238325282 0.04589371980676329
0 0.6485507246376812 0.5165056360708534 0.10547504025764895 0.033816425120772944
0 0.36231884057971014 0.499597423510467 0.08373590982286634 0.043478260869565216
1 0.5269726247987118 0.49516908212560384 0.03140096618357488 0.033011272141706925
0 0.394122383252818 0.5040257648953301 0.06521739130434782 0.021739130434782608
0 0.40982286634460546 0.499597423510467 0.057971014492753624 0.024154589371980676
1 0.5148953301127214 0.4939613526570048 0.021739130434782608 0.02576489533011272
