0 0.4782433521353747 0.5040290088638195 0.033037872683319904 0.030620467365028204
0 0.1377921031426269 0.5797743755036261 0.2755842062852538 0.14182111200644643
0 0.15431103948428687 0.5290088638195004 0.1377921031426269 0.06285253827558421
0 0.2908944399677679 0.5273972602739726 0.11120064464141821 0.064464141821112
1 0.2929089443996777 0.5088638195004029 0.0684931506849315 0.045124899274778404
1 0.3944399677679291 0.49879129734085415 0.057211925866236905 0.053988718775181306
0 0.3271555197421434 0.5092667203867849 0.041901692183722805 0.0265914585012087
0 0.41901692183722805 0.5 0.030620467365028204 0.0257856567284448
1 0.4395648670427075 0.4927477840451249 0.020145044319097503 0.022562449637389202
0 0.21394037066881547 0.5128928283642225 0.07977437550362611 0.037066881547139406
