0 0.4830917874396135 0.5088566827697263 0.04186795491143317 0.033011272141706925
0 0.21658615136876005 0.533816425120773 0.14492753623188406 0.07004830917874397
0 0.3784219001610306 0.5374396135265701 0.10144927536231885 0.07085346215780998
0 0.41223832528180354 0.5209339774557166 0.06924315619967794 0.05233494363929147
0 0.33413848631239934 0.5084541062801933 0.0998389694041868 0.04186795491143317
0 0.8421900161030595 0.5837359098228664 0.3140096618357488 0.13285024154589373
2 0.6521739130434783 0.48429951690821255 0.19162640901771336 0.18840579710144928
0 0.5418679549114331 0.5076489533011272 0.04186795491143317 0.0322061191626409
0 0.5249597423510467 0.5040257648953301 0.030595813204508857 0.023349436392914653
2 0.5177133655394525 0.4859098228663446 0.03542673107890499 0.04669887278582931
0 0.22745571658615138 0.5048309178743962 0.06038647342995169 0.026570048309178744
0 0.4722222222222222 0.5040257648953301 0.026570048309178744 0.0249597423510467
0 0.05032206119162641 0.5132850241545893 0.10064412238325282 0.04830917874396135
