0 0.8667471819645732 0.5740740740740741 0.2648953301127214 0.15217391304347827
0 0.09702093397745572 0.5833333333333334 0.19404186795491143 0.13365539452495975
0 0.37278582930756843 0.5152979066022544 0.04186795491143317 0.029790660225442835
0 0.5402576489533011 0.5036231884057971 0.03542673107890499 0.027375201288244767
0 0.39090177133655396 0.5116747181964574 0.036231884057971016 0.024154589371980676
0 0.4106280193236715 0.5052334943639292 0.028985507246376812 0.024154589371980676
0 0.09943639291465378 0.5249597423510467 0.06682769726247988 0.0249597423510467
0 0.13727858293075684 0.5237520128824477 0.06038647342995169 0.024154589371980676
0 0.17149758454106281 0.5213365539452496 0.0644122383252818 0.02576489533011272
0 0.21175523349436393 0.5213365539452496 0.05636070853462158 0.02576489533011272
