0 0.8365539452495975 0.5821256038647343 0.3252818035426731 0.1360708534621578
1 0.03985507246376811 0.5660225442834138 0.07971014492753623 0.1682769726247987
0 0.1215780998389694 0.5458937198067633 0.2431561996779388 0.10547504025764895
0 0.7894524959742351 0.5366344605475041 0.2214170692431562 0.06763285024154589
0 0.7387278582930756 0.5253623188405797 0.1570048309178744 0.06602254428341385
0 0.6521739130434783 0.5096618357487923 0.12399355877616747 0.04750402576489533
0 0.28180354267310787 0.5064412238325282 0.14170692431561996 0.071658615136876
1 0.538647342995169 0.49838969404186795 0.04508856682769726 0.04589371980676329
0 0.3522544283413849 0.5080515297906603 0.09420289855072464 0.03140096618357488
0 0.38003220611916266 0.5028180354267311 0.07890499194847021 0.0322061191626409
1 0.5177133655394525 0.4923510466988728 0.027375201288244767 0.0322061191626409
1 0.4307568438003221 0.49315619967793883 0.04830917874396135 0.024154589371980676
