1 0.7987117552334944 0.499597423510467 0.2882447665056361 0.30112721417069244
0 0.6590177133655395 0.5285829307568438 0.15539452495974235 0.12238325281803543
0 0.5986312399355878 0.5189210950080515 0.0893719806763285 0.0644122383252818
0 0.5410628019323671 0.5084541062801933 0.05314009661835749 0.037037037037037035
0 0.03985507246376811 0.5322061191626409 0.07971014492753623 0.05233494363929147
5 0.394524959742351 0.5056360708534622 0.01288244766505636 0.033011272141706925
0 0.36513687600644124 0.5128824476650563 0.039452495974235106 0.03140096618357488
0 0.5084541062801933 0.5040257648953301 0.04589371980676329 0.033011272141706925
0 0.4718196457326892 0.501610305958132 0.030595813204508857 0.020128824476650563
5 0.4106280193236715 0.5032206119162641 0.01288244766505636 0.029790660225442835
