0 0.9086151368760065 0.5088566827697263 0.18115942028985507 0.08776167471819646
0 0.9520933977455717 0.5152979066022544 0.09420289855072464 0.0571658615136876
0 0.0966183574879227 0.5652173913043478 0.1932367149758454 0.13123993558776167
0 0.11876006441223833 0.538647342995169 0.23752012882447665 0.09581320450885668
0 0.18478260869565216 0.5225442834138486 0.25523349436392917 0.0893719806763285
0 0.3023349436392915 0.5076489533011272 0.14251207729468598 0.057971014492753624
0 0.32085346215780997 0.5112721417069244 0.13123993558776167 0.0426731078904992
0 0.24114331723027374 0.5181159420289855 0.18115942028985507 0.061191626409017714
0 0.4110305958132045 0.4975845410628019 0.07326892109500806 0.023349436392914653
0 0.8313204508856683 0.500805152979066 0.10547504025764895 0.04589371980676329
0 0.5772946859903382 0.499194847020934 0.07890499194847021 0.02818035426731079
