0 0.09943639291465378 0.5740740740740741 0.19887278582930756 0.15217391304347827
0 0.7000805152979066 0.5543478260869565 0.16344605475040258 0.10628019323671498
0 0.2073268921095008 0.5318035426731079 0.21175523349436393 0.06763285024154589
0 0.29790660225442833 0.5189210950080515 0.12721417069243157 0.04830917874396135
0 0.32971014492753625 0.5165056360708534 0.1280193236714976 0.043478260869565216
0 0.3393719806763285 0.5132850241545893 0.11191626409017713 0.040257648953301126
0 0.6312399355877617 0.5285829307568438 0.0966183574879227 0.07246376811594203
0 0.5680354267310789 0.5116747181964574 0.0426731078904992 0.030595813204508857
0 0.3747987117552335 0.5120772946859904 0.08293075684380032 0.03462157809983897
1 0.3860708534621578 0.5080515297906603 0.071658615136876 0.036231884057971016
1 0.533011272141707 0.4943639291465378 0.024154589371980676 0.026570048309178744
0 0.4311594202898551 0.500805152979066 0.050724637681159424 0.016908212560386472
