0 0.5301932367149759 0.5092592592592593 0.036231884057971016 0.02576489533011272
0 0.3417874396135266 0.5116747181964574 0.10547504025764895 0.03864734299516908
0 0.2693236714975845 0.5253623188405797 0.15056360708534622 0.05475040257648953
0 0.6815619967793881 0.5217391304347826 0.1473429951690821 0.05394524959742351
0 0.2250402576489533 0.5289855072463768 0.18276972624798712 0.061996779388083734
0 0.1710950080515298 0.5318035426731079 0.24074074074074073 0.09339774557165861
0 0.13325281803542674 0.5507246376811594 0.2665056360708535 0.10225442834138486
0 0.10748792270531402 0.5736714975845411 0.21497584541062803 0.13687600644122383
0 0.9001610305958132 0.5619967793880838 0.19806763285024154 0.13285024154589373
0 0.961352657004831 0.5789049919484702 0.07568438003220612 0.14251207729468598
