0 0.8607085346215781 0.5656199677938808 0.27697262479871176 0.16908212560386474
0 0.4335748792270531 0.5309983896940419 0.13123993558776167 0.07890499194847021
0 0.75 0.5700483091787439 0.19243156199677938 0.14412238325281804
0 0.6956521739130435 0.5297906602254429 0.1111111111111111 0.08776167471819646
0 0.9557165861513688 0.4919484702093398 0.08695652173913043 0.05877616747181964
1 0.9029790660225443 0.4887278582930757 0.1392914653784219 0.06682769726247988
1 0.8099838969404187 0.4943639291465378 0.11916264090177134 0.05877616747181964
0 0.4923510466988728 0.5028180354267311 0.050724637681159424 0.033816425120772944
0 0.7475845410628019 0.4927536231884058 0.06682769726247988 0.029790660225442835
0 0.6300322061191627 0.4975845410628019 0.03462157809983897 0.029790660225442835
0 0.5237520128824477 0.4967793880837359 0.03462157809983897 0.0249597423510467
2 0.5994363929146538 0.48027375201288247 0.036231884057971016 0.03542673107890499
