0 0.4851046698872786 0.5100644122383253 0.04589371980676329 0.037037037037037035
0 0.20088566827697263 0.5575684380032206 0.21336553945249598 0.11594202898550725
0 0.2580515297906602 0.535024154589372 0.17149758454106281 0.0821256038647343
0 0.3421900161030596 0.5161030595813204 0.0998389694041868 0.04428341384863124
0 0.3812399355877617 0.5076489533011272 0.08132045088566828 0.03542673107890499
0 0.428743961352657 0.500805152979066 0.0571658615136876 0.023349436392914653
1 0.8297101449275363 0.499597423510467 0.3389694041867955 0.30112721417069244
0 0.6851851851851852 0.5410628019323671 0.15136876006441224 0.08776167471819646
0 0.5599838969404187 0.5096618357487923 0.0426731078904992 0.029790660225442835
1 0.5297906602254429 0.49516908212560384 0.028985507246376812 0.029790660225442835
0 0.48993558776167473 0.5040257648953301 0.029790660225442835 0.026570048309178744
1 0.05434782608695652 0.5193236714975845 0.10869565217391304 0.13285024154589373
0 0.08011272141706924 0.5140901771336553 0.09903381642512077 0.03864734299516908
0 0.2113526570048309 0.5056360708534622 0.06521739130434782 0.026570048309178744
