0 0.48470209339774556 0.499194847020934 0.01932367149758454 0.018518518518518517
0 0.41827697262479874 0.5120772946859904 0.04750402576489533 0.036231884057971016
0 0.7342995169082126 0.5680354267310789 0.22544283413848631 0.143317230273752
0 0.6280193236714976 0.534621578099839 0.12399355877616747 0.09098228663446055
0 0.5873590982286635 0.5197262479871175 0.071658615136876 0.06602254428341385
0 0.5503220611916264 0.5096618357487923 0.04750402576489533 0.036231884057971016
0 0.5245571658615137 0.5020128824476651 0.0249597423510467 0.02254428341384863
0 0.539049919484702 0.5064412238325282 0.036231884057971016 0.03140096618357488
0 0.3309178743961353 0.5056360708534622 0.05475040257648953 0.020128824476650563
0 0.2616747181964573 0.5060386473429952 0.061191626409017714 0.020933977455716585
