0 0.13647342995169082 0.5849436392914654 0.27294685990338163 0.13043478260869565
0 0.02818035426731079 0.5881642512077294 0.05636070853462158 0.12399355877616747
0 0.5487117552334944 0.5108695652173914 0.04428341384863124 0.03542673107890499
0 0.3003220611916264 0.5458937198067633 0.13043478260869565 0.08132045088566828
0 0.7250402576489533 0.5048309178743962 0.1537842190016103 0.04589371980676329
0 0.6948470209339774 0.4975845410628019 0.12399355877616747 0.050724637681159424
0 0.3691626409017713 0.5128824476650563 0.04428341384863124 0.033011272141706925
0 0.30877616747181963 0.5265700483091788 0.07648953301127215 0.04589371980676329
0 0.6469404186795491 0.49798711755233493 0.09420289855072464 0.033816425120772944
0 0.4001610305958132 0.5084541062801933 0.030595813204508857 0.02254428341384863
1 0.92914653784219 0.47906602254428343 0.12721417069243157 0.0426731078904992
