0 0.0607890499194847 0.5760869565217391 0.1215780998389694 0.14814814814814814
0 0.10265700483091787 0.5555555555555556 0.20531400966183574 0.11513687600644122
0 0.18639291465378421 0.533011272141707 0.20853462157809985 0.07971014492753623
0 0.22665056360708535 0.5148953301127214 0.1892109500805153 0.0821256038647343
5 0.4166666666666667 0.5112721417069244 0.016908212560386472 0.03784219001610306
0 0.9154589371980676 0.5756843800322061 0.16747181964573268 0.14895330112721417
0 0.8619162640901772 0.5471014492753623 0.2665056360708535 0.10144927536231885
0 0.783011272141707 0.534621578099839 0.1747181964573269 0.07971014492753623
0 0.7274557165861514 0.5285829307568438 0.1859903381642512 0.06924315619967794
0 0.6827697262479872 0.5225442834138486 0.1610305958132045 0.05233494363929147
0 0.6622383252818036 0.5140901771336553 0.1280193236714976 0.05475040257648953
0 0.33816425120772947 0.5100644122383253 0.10466988727858294 0.033816425120772944
0 0.358695652173913 0.5084541062801933 0.08776167471819646 0.030595813204508857
0 0.5265700483091788 0.5064412238325282 0.037037037037037035 0.026570048309178744
0 0.5096618357487923 0.5 0.020933977455716585 0.018518518518518517
1 0.4943639291465378 0.4919484702093398 0.01288244766505636 0.015297906602254429
