0 0.4766317485898469 0.5036261079774376 0.018533440773569703 0.015310233682514102
0 0.11120064464141821 0.5761482675261885 0.22240128928283642 0.14907332796132153
1 0.038678485092667206 0.5354552780016116 0.07735697018533441 0.10475423045930701
0 0.59709911361805 0.5374697824335214 0.12087026591458501 0.08460918614020951
0 0.2876712328767123 0.5310233682514102 0.09830781627719581 0.058823529411764705
1 0.19419822723609992 0.5165189363416599 0.11925866236905722 0.062046736502820304
0 0.34206285253827556 0.5201450443190975 0.060435132957292505 0.040290088638195005
0 0.45245769540692987 0.5108783239323127 0.0362610797743755 0.033037872683319904
0 0.28364222401289285 0.5124899274778405 0.05801772763900081 0.031426269137792104
0 0.3855761482675262 0.5072522159548751 0.0265914585012087 0.020950846091861403
1 0.3134568896051571 0.5036261079774376 0.043513295729250605 0.031426269137792104
0 0.3936341659951652 0.5036261079774376 0.021756647864625302 0.016921837228041903
1 0.40531829170024175 0.4975825946817083 0.017727639000805803 0.022562449637389202
