0 0.06602254428341385 0.572463768115942 0.1320450885668277 0.15539452495974235
0 0.09702093397745572 0.5599838969404187 0.19404186795491143 0.14009661835748793
0 0.14009661835748793 0.5394524959742351 0.28019323671497587 0.10547504025764895
0 0.17552334943639292 0.5277777777777778 0.19001610305958133 0.07890499194847021
0 0.24436392914653784 0.5293880837359098 0.17149758454106281 0.0644122383252818
0 0.2644927536231884 0.5169082125603864 0.16505636070853463 0.05555555555555555
0 0.3136070853462158 0.5084541062801933 0.11513687600644122 0.04669887278582931
0 0.32930756843800324 0.5032206119162641 0.1143317230273752 0.05233494363929147
5 0.4464573268921095 0.501610305958132 0.010466988727858293 0.0249597423510467
0 0.7246376811594203 0.5736714975845411 0.21256038647342995 0.13848631239935588
0 0.785024154589372 0.5293880837359098 0.21739130434782608 0.0821256038647343
0 0.7294685990338164 0.5249597423510467 0.15619967793880837 0.06360708534621579
0 0.6867954911433173 0.5193236714975845 0.12399355877616747 0.050724637681159424
0 0.643719806763285 0.5124798711755234 0.11191626409017713 0.04186795491143317
0 0.6235909822866345 0.5100644122383253 0.10386473429951691 0.033816425120772944
0 0.6167471819645732 0.5048309178743962 0.08695652173913043 0.03784219001610306
0 0.3808373590982287 0.500805152979066 0.07729468599033816 0.0249597423510467
0 0.39533011272141705 0.5024154589371981 0.06602254428341385 0.023349436392914653
0 0.5253623188405797 0.5020128824476651 0.02818035426731079 0.020933977455716585
1 0.500402576489533 0.4895330112721417 0.012077294685990338 0.013687600644122383
