0 0.8377616747181964 0.5752818035426731 0.32286634460547503 0.1497584541062802
0 0.37640901771336555 0.5060386473429952 0.07971014492753623 0.030595813204508857
5 0.7741545893719807 0.5132850241545893 0.08132045088566828 0.05958132045088567
0 0.5776972624798712 0.4975845410628019 0.06682769726247988 0.0249597423510467
0 0.7447665056360708 0.49476650563607083 0.07890499194847021 0.02254428341384863
1 0.9557165861513688 0.49074074074074076 0.08695652173913043 0.030595813204508857
0 0.4102254428341385 0.5032206119162641 0.0571658615136876 0.023349436392914653
0 0.20974235104669886 0.5076489533011272 0.06360708534621579 0.024154589371980676
0 0.47061191626409016 0.49557165861513686 0.020128824476650563 0.01288244766505636
0 0.44082125603864736 0.4975845410628019 0.023349436392914653 0.013687600644122383
