0 0.8844605475040258 0.5068438003220612 0.17310789049919484 0.08051529790660225
0 0.9392109500805152 0.5112721417069244 0.11996779388083736 0.05394524959742351
0 0.11674718196457327 0.5575684380032206 0.23349436392914655 0.1111111111111111
0 0.1497584541062802 0.538244766505636 0.22544283413848631 0.0853462157809984
0 0.21457326892109502 0.5237520128824477 0.2278582930756844 0.08051529790660225
0 0.31602254428341386 0.5112721417069244 0.13285024154589373 0.05394524959742351
0 0.3309178743961353 0.5144927536231884 0.12238325281803543 0.039452495974235106
0 0.2612721417069243 0.5181159420289855 0.16505636070853463 0.05636070853462158
0 0.8164251207729468 0.499597423510467 0.09822866344605476 0.043478260869565216
0 0.5756843800322061 0.500402576489533 0.07568438003220612 0.027375201288244767
