0 0.03542673107890499 0.571256038647343 0.07085346215780998 0.15780998389694043
0 0.856280193236715 0.5064412238325282 0.1537842190016103 0.0748792270531401
0 0.9231078904991948 0.5112721417069244 0.13285024154589373 0.050724637681159424
0 0.1320450885668277 0.5515297906602254 0.2640901771336554 0.09742351046698873
0 0.18478260869565216 0.5370370370370371 0.1972624798711755 0.07648953301127215
0 0.23832528180354268 0.5225442834138486 0.20611916264090177 0.07326892109500806
0 0.3272946859903382 0.5116747181964574 0.1247987117552335 0.0499194847020934
0 0.3397745571658615 0.5136876006441223 0.11594202898550725 0.03784219001610306
0 0.27657004830917875 0.5181159420289855 0.15217391304347827 0.05152979066022544
0 0.572463768115942 0.5 0.07246376811594203 0.026570048309178744
