0 0.5169082125603864 0.5165056360708534 0.05475040257648953 0.05152979066022544
0 0.9512882447665056 0.5692431561996779 0.09581320450885668 0.16183574879227053
0 0.714170692431562 0.5318035426731079 0.16747181964573268 0.0853462157809984
0 0.03180354267310789 0.5374396135265701 0.06360708534621579 0.09339774557165861
0 0.24194847020933977 0.534219001610306 0.1570048309178744 0.06924315619967794
0 0.4464573268921095 0.5 0.036231884057971016 0.026570048309178744
0 0.22423510466988728 0.5205314009661836 0.10869565217391304 0.04830917874396135
0 0.36272141706924316 0.5088566827697263 0.05877616747181964 0.026570048309178744
0 0.5475040257648953 0.4971819645732689 0.03542673107890499 0.020933977455716585
0 0.570450885668277 0.49355877616747185 0.018518518518518517 0.013687600644122383
0 0.09259259259259259 0.5237520128824477 0.14170692431561996 0.04830917874396135
