0 0.25966183574879226 0.5458937198067633 0.15056360708534622 0.0861513687600644
0 0.9726247987117552 0.5776972624798712 0.05314009661835749 0.14492753623188406
0 0.8337359098228664 0.5744766505636071 0.3003220611916264 0.15136876006441224
0 0.3393719806763285 0.5253623188405797 0.0893719806763285 0.05314009661835749
0 0.6731078904991948 0.534621578099839 0.12238325281803543 0.07971014492753623
0 0.37640901771336555 0.5169082125603864 0.06843800322061191 0.039452495974235106
0 0.6171497584541062 0.5197262479871175 0.08293075684380032 0.05475040257648953
0 0.4331723027375201 0.5044283413848631 0.030595813204508857 0.02254428341384863
0 0.5917874396135265 0.5124798711755234 0.05475040257648953 0.04186795491143317
0 0.5793075684380032 0.5072463768115942 0.04106280193236715 0.033011272141706925
