0 0.49074074074074076 0.5088566827697263 0.04428341384863124 0.036231884057971016
0 0.14251207729468598 0.5821256038647343 0.28502415458937197 0.1360708534621578
0 0.0889694041867955 0.5680354267310789 0.177938808373591 0.12399355877616747
0 0.2749597423510467 0.5245571658615137 0.11996779388083736 0.057971014492753624
0 0.30998389694041867 0.5165056360708534 0.10950080515297907 0.05314009661835749
0 0.3530595813204509 0.5100644122383253 0.07971014492753623 0.0322061191626409
0 0.43800322061191627 0.5104669887278583 0.043478260869565216 0.03140096618357488
0 0.394524959742351 0.501610305958132 0.06602254428341385 0.026570048309178744
0 0.5857487922705314 0.5197262479871175 0.071658615136876 0.05152979066022544
2 0.5684380032206119 0.4822866344605475 0.07246376811594203 0.08293075684380032
0 0.04066022544283414 0.5229468599033816 0.08132045088566828 0.04830917874396135
0 0.49114331723027377 0.501207729468599 0.028985507246376812 0.02576489533011272
0 0.22302737520128824 0.5052334943639292 0.05958132045088567 0.027375201288244767
