0 0.05112721417069243 0.570450885668277 0.10225442834138486 0.15942028985507245
0 0.10185185185185185 0.5366344605475041 0.2037037037037037 0.14653784219001612
5 0.36996779388083734 0.5245571658615137 0.03140096618357488 0.061191626409017714
0 0.961352657004831 0.5764895330112721 0.07568438003220612 0.1473429951690821
0 0.8735909822866345 0.5656199677938808 0.25120772946859904 0.13848631239935588
0 0.7995169082125604 0.5446859903381642 0.27697262479871176 0.09017713365539452
0 0.749597423510467 0.5265700483091788 0.20450885668276972 0.0861513687600644
0 0.28019323671497587 0.5193236714975845 0.143317230273752 0.04589371980676329
0 0.31280193236714976 0.5148953301127214 0.11674718196457327 0.040257648953301126
0 0.5314009661835749 0.5120772946859904 0.04669887278582931 0.03462157809983897
0 0.3752012882447665 0.5040257648953301 0.06280193236714976 0.0249597423510467
0 0.5088566827697263 0.5020128824476651 0.02576489533011272 0.020933977455716585
1 0.48993558776167473 0.4915458937198068 0.013687600644122383 0.01610305958132045
