0 0.49516908212560384 0.5104669887278583 0.04830917874396135 0.039452495974235106
0 0.09742351046698873 0.5768921095008052 0.19484702093397746 0.14653784219001612
0 0.25523349436392917 0.5197262479871175 0.12238325281803543 0.0644122383252818
0 0.3752012882447665 0.534219001610306 0.1143317230273752 0.06924315619967794
0 0.4082125603864734 0.5177133655394525 0.06280193236714976 0.05233494363929147
0 0.3522544283413849 0.5068438003220612 0.07648953301127215 0.033816425120772944
1 0.8172302737520128 0.499597423510467 0.004830917874396135 0.30112721417069244
0 0.714975845410628 0.5644122383252818 0.22061191626409019 0.13446054750402575
0 0.6239935587761675 0.533816425120773 0.11594202898550725 0.07004830917874397
0 0.5821256038647343 0.5120772946859904 0.06602254428341385 0.05233494363929147
0 0.5301932367149759 0.5028180354267311 0.029790660225442835 0.02254428341384863
2 0.5277777777777778 0.4830917874396135 0.03784219001610306 0.04589371980676329
1 0.03140096618357488 0.5177133655394525 0.06280193236714976 0.12640901771336555
0 0.48792270531400966 0.5020128824476651 0.030595813204508857 0.027375201288244767
0 0.16988727858293076 0.5048309178743962 0.07568438003220612 0.03140096618357488
