0 0.05233494363929147 0.572061191626409 0.10466988727858294 0.15619967793880837
0 0.6541867954911433 0.5475040257648953 0.1360708534621578 0.0893719806763285
0 0.11956521739130435 0.5495169082125604 0.2391304347826087 0.1111111111111111
1 0.1723027375201288 0.534621578099839 0.21578099838969403 0.09903381642512077
0 0.2532206119162641 0.5193236714975845 0.1457326892109501 0.06521739130434782
0 0.6940418679549114 0.5241545893719807 0.14170692431561996 0.04589371980676329
0 0.6159420289855072 0.5052334943639292 0.0966183574879227 0.037037037037037035
0 0.3285024154589372 0.49879227053140096 0.10628019323671498 0.05475040257648953
1 0.5281803542673108 0.4927536231884058 0.037037037037037035 0.03784219001610306
0 0.37318840579710144 0.501610305958132 0.07809983896940419 0.026570048309178744
0 0.394122383252818 0.49798711755233493 0.06682769726247988 0.027375201288244767
1 0.5128824476650563 0.48993558776167473 0.024154589371980676 0.028985507246376812
1 0.4331723027375201 0.49033816425120774 0.04508856682769726 0.021739130434782608
