0 0.5112721417069244 0.5173107890499195 0.05475040257648953 0.05152979066022544
0 0.892914653784219 0.5688405797101449 0.21256038647342995 0.16264090177133655
0 0.6851851851851852 0.5273752012882448 0.1497584541062802 0.07326892109500806
0 0.05314009661835749 0.5374396135265701 0.10628019323671498 0.09339774557165861
0 0.30193236714975846 0.5241545893719807 0.10950080515297907 0.05233494363929147
0 0.4537037037037037 0.499597423510467 0.033011272141706925 0.024154589371980676
0 0.23993558776167473 0.5185185185185185 0.09822866344605476 0.04428341384863124
0 0.36594202898550726 0.5080515297906603 0.05555555555555555 0.0249597423510467
0 0.535024154589372 0.49798711755233493 0.03462157809983897 0.020933977455716585
0 0.5611916264090178 0.4943639291465378 0.01932367149758454 0.013687600644122383
0 0.11835748792270531 0.5209339774557166 0.12721417069243157 0.04428341384863124
