0 0.4891304347826087 0.5020128824476651 0.020128824476650563 0.01932367149758454
0 0.16505636070853463 0.5817230273752013 0.33011272141706927 0.13687600644122383
0 0.8981481481481481 0.572061191626409 0.20209339774557167 0.15619967793880837
0 0.8083735909822867 0.5672302737520128 0.30434782608695654 0.16586151368760063
0 0.5998389694041868 0.5269726247987118 0.09178743961352658 0.06602254428341385
0 0.5422705314009661 0.5076489533011272 0.036231884057971016 0.030595813204508857
0 0.571256038647343 0.5165056360708534 0.06038647342995169 0.0499194847020934
0 0.2894524959742351 0.5161030595813204 0.07326892109500806 0.026570048309178744
0 0.19685990338164253 0.5181159420289855 0.08293075684380032 0.027375201288244767
0 0.5249597423510467 0.501610305958132 0.02254428341384863 0.018518518518518517
