0 0.501207729468599 0.5189210950080515 0.0571658615136876 0.04669887278582931
0 0.04508856682769726 0.5229468599033816 0.09017713365539452 0.07407407407407407
1 0.6694847020933977 0.5241545893719807 0.1457326892109501 0.1247987117552335
1 0.1642512077294686 0.5072463768115942 0.1111111111111111 0.05555555555555555
0 0.3003220611916264 0.5237520128824477 0.13687600644122383 0.07246376811594203
0 0.3305152979066023 0.5193236714975845 0.1215780998389694 0.05233494363929147
0 0.3603059581320451 0.5148953301127214 0.11191626409017713 0.043478260869565216
0 0.40217391304347827 0.5092592592592593 0.07004830917874397 0.033816425120772944
0 0.43196457326892107 0.501610305958132 0.05233494363929147 0.020128824476650563
0 0.5881642512077294 0.5148953301127214 0.05877616747181964 0.03864734299516908
0 0.5676328502415459 0.5048309178743962 0.04508856682769726 0.03462157809983897
0 0.49033816425120774 0.5072463768115942 0.0322061191626409 0.029790660225442835
0 0.23429951690821257 0.5024154589371981 0.06763285024154589 0.02818035426731079
