0 0.49557165861513686 0.5020128824476651 0.021739130434782608 0.020933977455716585
0 0.6179549114331723 0.5273752012882448 0.09742351046698873 0.07004830917874397
0 0.8502415458937198 0.571658615136876 0.29790660225442833 0.1570048309178744
0 0.13727858293075684 0.53341384863124 0.1457326892109501 0.0499194847020934
0 0.026972624798711754 0.535426731078905 0.05394524959742351 0.050724637681159424
0 0.5893719806763285 0.5177133655394525 0.0644122383252818 0.05233494363929147
0 0.5491143317230274 0.5056360708534622 0.03542673107890499 0.02818035426731079
0 0.5281803542673108 0.49798711755233493 0.01932367149758454 0.01932367149758454
0 0.38808373590982287 0.5072463768115942 0.0322061191626409 0.023349436392914653
0 0.4025764895330113 0.5040257648953301 0.027375201288244767 0.018518518518518517
