0 0.0966183574879227 0.5845410628019324 0.1932367149758454 0.13123993558776167
0 0.9802737520128825 0.5797101449275363 0.03784219001610306 0.14090177133655393
0 0.8152173913043478 0.571256038647343 0.3276972624798712 0.15780998389694043
0 0.22745571658615138 0.5450885668276972 0.14090177133655393 0.08132045088566828
0 0.6159420289855072 0.5229468599033816 0.09017713365539452 0.057971014492753624
0 0.3421900161030596 0.5201288244766505 0.07729468599033816 0.04428341384863124
0 0.5801127214170693 0.5161030595813204 0.06521739130434782 0.0426731078904992
0 0.40177133655394526 0.5056360708534622 0.033816425120772944 0.026570048309178744
0 0.5515297906602254 0.5068438003220612 0.04186795491143317 0.030595813204508857
0 0.4335748792270531 0.4971819645732689 0.04428341384863124 0.014492753623188406
