0 0.5503220611916264 0.5060386473429952 0.03462157809983897 0.02576489533011272
1 0.3888888888888889 0.501610305958132 0.09822866344605476 0.039452495974235106
0 0.38164251207729466 0.5084541062801933 0.0966183574879227 0.030595813204508857
0 0.3470209339774557 0.5136876006441223 0.11916264090177134 0.03784219001610306
0 0.33776167471819646 0.5144927536231884 0.12962962962962962 0.04428341384863124
0 0.32326892109500804 0.5197262479871175 0.13446054750402575 0.04830917874396135
0 0.28703703703703703 0.5229468599033816 0.1473429951690821 0.057971014492753624
0 0.15257648953301128 0.538647342995169 0.2181964573268921 0.0861513687600644
0 0.11755233494363929 0.5575684380032206 0.23510466988727857 0.10628019323671498
2 0.534621578099839 0.49516908212560384 0.03542673107890499 0.029790660225442835
