0 0.5 0.5193236714975845 0.05314009661835749 0.04428341384863124
1 0.8345410628019324 0.5394524959742351 0.32930756843800324 0.2214170692431562
1 0.06239935587761675 0.5185185185185185 0.1247987117552335 0.08132045088566828
0 0.1932367149758454 0.5535426731078905 0.20611916264090177 0.13043478260869565
0 0.2669082125603865 0.5370370370370371 0.16988727858293076 0.07971014492753623
0 0.3192431561996779 0.5297906602254429 0.1473429951690821 0.061996779388083734
0 0.38446054750402575 0.5152979066022544 0.0861513687600644 0.0426731078904992
0 0.42632850241545894 0.5052334943639292 0.05877616747181964 0.024154589371980676
0 0.6256038647342995 0.5261674718196457 0.0853462157809984 0.05314009661835749
0 0.5885668276972624 0.5112721417069244 0.057971014492753624 0.0426731078904992
0 0.49557165861513686 0.5068438003220612 0.03140096618357488 0.028985507246376812
0 0.18478260869565216 0.5060386473429952 0.0861513687600644 0.033816425120772944
1 0.6630434782608695 0.49355877616747185 0.071658615136876 0.02818035426731079
