0 0.4786462530217567 0.5048348106365834 0.0273972602739726 0.024174053182917002
0 0.032232070910556 0.5551974214343272 0.064464141821112 0.09750201450443191
0 0.13819500402900886 0.5338436744560838 0.16841257050765512 0.0789685737308622
0 0.3041901692183723 0.5378726833199033 0.1232876712328767 0.07413376309427881
0 0.26833199033037874 0.5197421434327155 0.07735697018533441 0.0362610797743755
0 0.3807413376309428 0.515310233682514 0.053988718775181306 0.037066881547139406
0 0.3372280419016922 0.5092667203867849 0.0443190975020145 0.029814665592264304
0 0.40370668815471394 0.5088638195004029 0.037066881547139406 0.0257856567284448
0 0.4234488315874295 0.5072522159548751 0.0265914585012087 0.019339242546333603
1 0.24778404512489927 0.508058017727639 0.07010475423045931 0.040290088638195005
