0 0.8313204508856683 0.5740740740740741 0.3357487922705314 0.15217391304347827
0 0.2616747181964573 0.5595813204508857 0.15942028985507245 0.09420289855072464
0 0.5970209339774557 0.5269726247987118 0.0861513687600644 0.0644122383252818
0 0.35950080515297905 0.5245571658615137 0.07809983896940419 0.05475040257648953
0 0.40700483091787437 0.5112721417069244 0.036231884057971016 0.029790660225442835
5 0.4613526570048309 0.501610305958132 0.008051529790660225 0.018518518518518517
5 0.47061191626409016 0.5 0.007246376811594203 0.016908212560386472
0 0.428341384863124 0.5064412238325282 0.02576489533011272 0.018518518518518517
0 0.5169082125603864 0.49879227053140096 0.01610305958132045 0.01288244766505636
0 0.5430756843800322 0.5060386473429952 0.039452495974235106 0.0322061191626409
