0 0.49838969404186795 0.5088566827697263 0.04830917874396135 0.039452495974235106
0 0.1247987117552335 0.5599838969404187 0.23349436392914655 0.12077294685990338
0 0.2290660225442834 0.5406602254428341 0.1682769726247987 0.08051529790660225
0 0.3148148148148148 0.5140901771336553 0.09339774557165861 0.04830917874396135
0 0.40901771336553944 0.5213365539452496 0.07729468599033816 0.04830917874396135
0 0.37640901771336555 0.5040257648953301 0.06521739130434782 0.02818035426731079
1 0.8160225442834138 0.499597423510467 0.3663446054750403 0.30112721417069244
0 0.6316425120772947 0.5273752012882448 0.11996779388083736 0.07809983896940419
0 0.5905797101449275 0.5161030595813204 0.07809983896940419 0.04911433172302738
0 0.5656199677938808 0.5032206119162641 0.050724637681159424 0.04106280193236715
0 0.5293880837359098 0.499194847020934 0.026570048309178744 0.020128824476650563
1 0.09500805152979067 0.5165056360708534 0.19001610305958133 0.1111111111111111
0 0.4927536231884058 0.500805152979066 0.030595813204508857 0.02818035426731079
0 0.22020933977455717 0.5028180354267311 0.06038647342995169 0.02576489533011272
