0 0.46296296296296297 0.5108695652173914 0.03864734299516908 0.030595813204508857
0 0.16223832528180354 0.5873590982286635 0.3244766505636071 0.12560386473429952
0 0.3148148148148148 0.5644122383252818 0.18035426731078905 0.1247987117552335
0 0.23711755233494364 0.5289855072463768 0.1537842190016103 0.071658615136876
0 0.3280998389694042 0.5128824476650563 0.09420289855072464 0.03462157809983897
0 0.3538647342995169 0.5088566827697263 0.07326892109500806 0.033011272141706925
0 0.38164251207729466 0.5060386473429952 0.0644122383252818 0.024154589371980676
0 0.3977455716586151 0.5048309178743962 0.04830917874396135 0.021739130434782608
1 0.4057971014492754 0.499194847020934 0.05152979066022544 0.0249597423510467
2 0.7814009661835749 0.499597423510467 0.3389694041867955 0.30112721417069244
0 0.5615942028985508 0.5189210950080515 0.06521739130434782 0.0499194847020934
0 0.5309983896940419 0.5088566827697263 0.04106280193236715 0.03140096618357488
2 0.5165056360708534 0.48752012882447665 0.04750402576489533 0.05958132045088567
0 0.12359098228663445 0.5161030595813204 0.10225442834138486 0.03784219001610306
0 0.463768115942029 0.5044283413848631 0.027375201288244767 0.024154589371980676
