0 0.5181159420289855 0.5366344605475041 0.09903381642512077 0.09339774557165861
0 0.7870370370370371 0.5531400966183575 0.21980676328502416 0.1360708534621578
0 0.6030595813204509 0.5048309178743962 0.08373590982286634 0.03784219001610306
0 0.5696457326892109 0.500805152979066 0.05233494363929147 0.0249597423510467
0 0.5543478260869565 0.49879227053140096 0.04911433172302738 0.01932367149758454
0 0.06320450885668277 0.5366344605475041 0.12640901771336555 0.0821256038647343
0 0.19162640901771336 0.5241545893719807 0.10466988727858294 0.04428341384863124
0 0.3325281803542673 0.5064412238325282 0.0499194847020934 0.0249597423510467
0 0.35668276972624796 0.5020128824476651 0.03542673107890499 0.02576489533011272
0 0.392512077294686 0.49879227053140096 0.03140096618357488 0.017713365539452495
0 0.4307568438003221 0.4971819645732689 0.028985507246376812 0.01288244766505636
0 0.2528180354267311 0.5048309178743962 0.05314009661835749 0.0249597423510467
