0 0.9476650563607085 0.5265700483091788 0.10305958132045089 0.10064412238325282
0 0.8703703703703703 0.5132850241545893 0.15942028985507245 0.07568438003220612
0 0.8309178743961353 0.5780998389694042 0.3365539452495974 0.14412238325281804
0 0.10466988727858294 0.5756843800322061 0.20933977455716588 0.14895330112721417
1 0.22987117552334943 0.5462962962962963 0.23752012882447665 0.16264090177133655
0 0.7999194847020934 0.5124798711755234 0.1280193236714976 0.05958132045088567
0 0.7125603864734299 0.5020128824476651 0.13526570048309178 0.05636070853462158
1 0.7045088566827697 0.500805152979066 0.15942028985507245 0.05394524959742351
0 0.3329307568438003 0.5285829307568438 0.11352657004830918 0.07890499194847021
0 0.37640901771336555 0.5213365539452496 0.071658615136876 0.05152979066022544
2 0.5064412238325282 0.4863123993558776 0.08051529790660225 0.07004830917874397
