0 0.5 0.5096618357487923 0.04508856682769726 0.0426731078904992
0 0.7302737520128825 0.538244766505636 0.18840579710144928 0.0998389694041868
0 0.677536231884058 0.5229468599033816 0.14090177133655393 0.07085346215780998
0 0.6501610305958132 0.5104669887278583 0.11191626409017713 0.05877616747181964
1 0.5942028985507246 0.500402576489533 0.0966183574879227 0.04830917874396135
0 0.5700483091787439 0.5020128824476651 0.07085346215780998 0.028985507246376812
0 0.5454911433172303 0.4963768115942029 0.04589371980676329 0.01932367149758454
0 0.2830112721417069 0.5072463768115942 0.06360708534621579 0.03462157809983897
1 0.4142512077294686 0.4915458937198068 0.03784219001610306 0.033816425120772944
0 0.32085346215780997 0.5052334943639292 0.04589371980676329 0.027375201288244767
0 0.3506441223832528 0.5040257648953301 0.03462157809983897 0.018518518518518517
0 0.392914653784219 0.49798711755233493 0.027375201288244767 0.014492753623188406
0 0.26529790660225444 0.5044283413848631 0.03784219001610306 0.02254428341384863
0 0.012077294685990338 0.5068438003220612 0.024154589371980676 0.027375201288244767
