0 0.15982286634460546 0.5772946859903382 0.3196457326892109 0.1457326892109501
0 0.34782608695652173 0.5438808373590982 0.11272141706924316 0.0853462157809984
1 0.4029790660225443 0.5060386473429952 0.07326892109500806 0.07246376811594203
0 0.08091787439613526 0.5841384863123994 0.16183574879227053 0.1320450885668277
0 0.714170692431562 0.5305958132045089 0.2640901771336554 0.10064412238325282
0 0.6388888888888888 0.5205314009661836 0.17310789049919484 0.05958132045088567
0 0.27093397745571657 0.5418679549114331 0.10547504025764895 0.06843800322061191
0 0.5652173913043478 0.5056360708534622 0.10305958132045089 0.0426731078904992
1 0.4392109500805153 0.5028180354267311 0.0426731078904992 0.03864734299516908
0 0.5181159420289855 0.5036231884057971 0.026570048309178744 0.02254428341384863
