0 0.04589371980676329 0.6038647342995169 0.09178743961352658 0.09259259259259259
0 0.14049919484702095 0.5833333333333334 0.2809983896940419 0.13365539452495975
0 0.2962962962962963 0.5535426731078905 0.143317230273752 0.08856682769726248
0 0.8091787439613527 0.5736714975845411 0.35426731078904994 0.1529790660225443
0 0.644927536231884 0.535024154589372 0.11755233494363929 0.0821256038647343
0 0.8731884057971014 0.4963768115942029 0.15539452495974235 0.0644122383252818
0 0.5374396135265701 0.5064412238325282 0.039452495974235106 0.02818035426731079
0 0.4891304347826087 0.5056360708534622 0.03140096618357488 0.016908212560386472
0 0.4601449275362319 0.5020128824476651 0.03462157809983897 0.014492753623188406
5 0.3993558776167472 0.5036231884057971 0.011272141706924315 0.01932367149758454
