0 0.49114331723027377 0.501207729468599 0.01932367149758454 0.017713365539452495
0 0.8804347826086957 0.5841384863123994 0.23752012882447665 0.1320450885668277
0 0.749194847020934 0.5736714975845411 0.26006441223832527 0.1529790660225443
0 0.4504830917874396 0.5040257648953301 0.0249597423510467 0.020128824476650563
0 0.5958132045088567 0.5213365539452496 0.07246376811594203 0.05475040257648953
0 0.5684380032206119 0.5136876006441223 0.05958132045088567 0.04750402576489533
0 0.5547504025764896 0.5088566827697263 0.04186795491143317 0.039452495974235106
0 0.5370370370370371 0.5056360708534622 0.0322061191626409 0.026570048309178744
0 0.3643317230273752 0.5044283413848631 0.04428341384863124 0.01610305958132045
0 0.30636070853462155 0.5056360708534622 0.04911433172302738 0.016908212560386472
