0 0.5217391304347826 0.5406602254428341 0.10950080515297907 0.10305958132045089
0 0.8393719806763285 0.5664251207729468 0.24557165861513688 0.16747181964573268
0 0.6090982286634461 0.5056360708534622 0.0893719806763285 0.039452495974235106
0 0.572463768115942 0.501207729468599 0.05314009661835749 0.02576489533011272
0 0.5571658615136876 0.499194847020934 0.0499194847020934 0.020128824476650563
0 0.04750402576489533 0.539049919484702 0.09500805152979067 0.0821256038647343
0 0.1719001610305958 0.5269726247987118 0.11513687600644122 0.04830917874396135
0 0.3272946859903382 0.5068438003220612 0.05233494363929147 0.02576489533011272
0 0.3530595813204509 0.5024154589371981 0.036231884057971016 0.026570048309178744
0 0.39049919484702095 0.499194847020934 0.0322061191626409 0.018518518518518517
0 0.4303542673107891 0.4971819645732689 0.029790660225442835 0.01288244766505636
0 0.24355877616747182 0.5056360708534622 0.05555555555555555 0.026570048309178744
