0 0.1388888888888889 0.5809178743961353 0.2777777777777778 0.13848631239935588
0 0.3244766505636071 0.5539452495974235 0.14009661835748793 0.10225442834138486
1 0.39492753623188404 0.5064412238325282 0.08293075684380032 0.08132045088566828
0 0.0430756843800322 0.5897745571658615 0.0861513687600644 0.12077294685990338
0 0.7616747181964574 0.5374396135265701 0.32367149758454106 0.12238325281803543
0 0.6578099838969405 0.5213365539452496 0.19484702093397746 0.06602254428341385
0 0.2431561996779388 0.5471014492753623 0.12721417069243157 0.07890499194847021
0 0.572463768115942 0.5064412238325282 0.1111111111111111 0.04589371980676329
1 0.4363929146537842 0.5028180354267311 0.04669887278582931 0.04186795491143317
0 0.5205314009661836 0.5028180354267311 0.026570048309178744 0.024154589371980676
