0 0.9774557165861514 0.5314009661835749 0.043478260869565216 0.10869565217391304
0 0.9061996779388084 0.5221417069243156 0.17310789049919484 0.08695652173913043
0 0.8474235104669887 0.5833333333333334 0.3035426731078905 0.13365539452495975
0 0.051932367149758456 0.5789049919484702 0.10386473429951691 0.14251207729468598
1 0.15780998389694043 0.5547504025764896 0.31561996779388085 0.19082125603864733
0 0.82085346215781 0.5169082125603864 0.1392914653784219 0.06521739130434782
0 0.7190016103059581 0.5052334943639292 0.14653784219001612 0.061191626409017714
1 0.7093397745571659 0.501610305958132 0.1706924315619968 0.05877616747181964
0 0.3031400966183575 0.539049919484702 0.12962962962962962 0.09017713365539452
0 0.355475040257649 0.5245571658615137 0.08132045088566828 0.057971014492753624
2 0.5 0.48711755233494364 0.08856682769726248 0.07326892109500806
