0 0.7926731078904992 0.5157004830917874 0.29871175523349436 0.10466988727858294
0 0.9702093397745571 0.4810789049919485 0.057971014492753624 0.037037037037037035
0 0.9512882447665056 0.4830917874396135 0.09581320450885668 0.03462157809983897
0 0.3365539452495974 0.5209339774557166 0.07085346215780998 0.050724637681159424
0 0.4110305958132045 0.5173107890499195 0.06521739130434782 0.0499194847020934
0 0.6900161030595813 0.48711755233494364 0.10628019323671498 0.039452495974235106
0 0.7789855072463768 0.4830917874396135 0.05394524959742351 0.02818035426731079
1 0.8735909822866345 0.47624798711755234 0.06280193236714976 0.033816425120772944
0 0.8128019323671497 0.48470209339774556 0.05877616747181964 0.026570048309178744
0 0.3667471819645733 0.5152979066022544 0.0571658615136876 0.03784219001610306
0 0.538244766505636 0.499597423510467 0.03462157809983897 0.024154589371980676
0 0.49033816425120774 0.501207729468599 0.024154589371980676 0.01932367149758454
0 0.4492753623188406 0.4943639291465378 0.024154589371980676 0.012077294685990338
