0 0.8474235104669887 0.573268921095008 0.3035426731078905 0.1537842190016103
0 0.6839774557165862 0.5458937198067633 0.16988727858293076 0.11674718196457327
0 0.22061191626409019 0.5656199677938808 0.19162640901771336 0.1111111111111111
0 0.321658615136876 0.5314009661835749 0.10064412238325282 0.07326892109500806
0 0.5869565217391305 0.5185185185185185 0.07407407407407407 0.05555555555555555
0 0.37600644122383253 0.5213365539452496 0.0644122383252818 0.05152979066022544
0 0.5664251207729468 0.5128824476650563 0.05877616747181964 0.03784219001610306
1 0.5475040257648953 0.49597423510466987 0.05475040257648953 0.0571658615136876
0 0.5136876006441223 0.5036231884057971 0.020933977455716585 0.01610305958132045
0 0.4307568438003221 0.5064412238325282 0.02254428341384863 0.015297906602254429
0 0.501207729468599 0.501610305958132 0.0249597423510467 0.016908212560386472
0 0.48027375201288247 0.5028180354267311 0.020128824476650563 0.01288244766505636
