0 0.3055555555555556 0.49114331723027377 0.04911433172302738 0.03784219001610306
0 0.3389694041867955 0.4939613526570048 0.04830917874396135 0.027375201288244767
0 0.3856682769726248 0.4915458937198068 0.05636070853462158 0.024154589371980676
1 0.5128824476650563 0.48752012882447665 0.05314009661835749 0.028985507246376812
0 0.534219001610306 0.4887278582930757 0.04106280193236715 0.020128824476650563
0 0.5688405797101449 0.48752012882447665 0.0426731078904992 0.020933977455716585
0 0.5954106280193237 0.4895330112721417 0.04750402576489533 0.016908212560386472
0 0.6183574879227053 0.48993558776167473 0.03542673107890499 0.01610305958132045
0 0.6372785829307569 0.49033816425120774 0.039452495974235106 0.015297906602254429
0 0.6586151368760065 0.4891304347826087 0.04669887278582931 0.01610305958132045
1 0.6936392914653784 0.4834943639291465 0.04911433172302738 0.02254428341384863
0 0.710950080515298 0.4855072463768116 0.043478260869565216 0.015297906602254429
0 0.7282608695652174 0.4867149758454106 0.03784219001610306 0.014492753623188406
