0 0.49033816425120774 0.5132850241545893 0.04508856682769726 0.037037037037037035
0 0.11714975845410629 0.5744766505636071 0.23429951690821257 0.15136876006441224
0 0.24194847020933977 0.5374396135265701 0.19082125603864733 0.12077294685990338
0 0.3353462157809984 0.5241545893719807 0.1247987117552335 0.05394524959742351
0 0.3502415458937198 0.5161030595813204 0.10789049919484701 0.04589371980676329
0 0.38446054750402575 0.5084541062801933 0.07326892109500806 0.030595813204508857
0 0.4074074074074074 0.5020128824476651 0.06280193236714976 0.02576489533011272
1 0.6561996779388084 0.5144927536231884 0.1642512077294686 0.1280193236714976
0 0.6002415458937198 0.5189210950080515 0.07326892109500806 0.04830917874396135
0 0.5458937198067633 0.5048309178743962 0.030595813204508857 0.023349436392914653
1 0.5249597423510467 0.4927536231884058 0.024154589371980676 0.0249597423510467
0 0.48752012882447665 0.5020128824476651 0.029790660225442835 0.02576489533011272
0 0.04106280193236715 0.5181159420289855 0.0821256038647343 0.05314009661835749
1 0.19404186795491143 0.5072463768115942 0.12560386473429952 0.07971014492753623
0 0.12318840579710146 0.5076489533011272 0.09822866344605476 0.04508856682769726
