0 0.48429951690821255 0.5100644122383253 0.04589371980676329 0.037037037037037035
0 0.10104669887278583 0.5768921095008052 0.20209339774557167 0.14653784219001612
0 0.18115942028985507 0.5535426731078905 0.22061191626409019 0.11755233494363929
0 0.31521739130434784 0.5205314009661836 0.11674718196457327 0.05314009661835749
0 0.36835748792270534 0.5104669887278583 0.09259259259259259 0.04106280193236715
0 0.4194847020933977 0.499597423510467 0.061191626409017714 0.02576489533011272
0 0.7652979066022544 0.5648148148148148 0.24396135265700483 0.13043478260869565
0 0.5696457326892109 0.5100644122383253 0.04911433172302738 0.033816425120772944
1 0.532608695652174 0.49315619967793883 0.03140096618357488 0.0322061191626409
0 0.2584541062801932 0.5104669887278583 0.07407407407407407 0.036231884057971016
0 0.4915458937198068 0.5028180354267311 0.029790660225442835 0.027375201288244767
0 0.03462157809983897 0.5173107890499195 0.06924315619967794 0.04508856682769726
0 0.18035426731078905 0.5056360708534622 0.07729468599033816 0.029790660225442835
