1 0.1320450885668277 0.539049919484702 0.2640901771336554 0.2222222222222222
0 0.8353462157809984 0.5748792270531401 0.3276972624798712 0.15056360708534622
0 0.6859903381642513 0.5418679549114331 0.12560386473429952 0.09581320450885668
1 0.08333333333333333 0.5064412238325282 0.16666666666666666 0.12318840579710146
0 0.6739130434782609 0.5124798711755234 0.09339774557165861 0.07246376811594203
1 0.49557165861513686 0.4963768115942029 0.033011272141706925 0.03542673107890499
1 0.7294685990338164 0.4883252818035427 0.14492753623188406 0.05475040257648953
0 0.37922705314009664 0.5036231884057971 0.040257648953301126 0.02576489533011272
0 0.32971014492753625 0.49838969404186795 0.04911433172302738 0.036231884057971016
0 0.5994363929146538 0.4971819645732689 0.04428341384863124 0.02576489533011272
1 0.5406602254428341 0.4822866344605475 0.023349436392914653 0.026570048309178744
2 0.5100644122383253 0.4782608695652174 0.023349436392914653 0.036231884057971016
0 0.24114331723027374 0.5024154589371981 0.06038647342995169 0.026570048309178744
