0 0.17673107890499196 0.5426731078904992 0.25201288244766507 0.09420289855072464
0 0.645330112721417 0.534621578099839 0.10225442834138486 0.071658615136876
0 0.2805958132045089 0.5221417069243156 0.1570048309178744 0.05152979066022544
0 0.33816425120772947 0.5136876006441223 0.10305958132045089 0.039452495974235106
0 0.36312399355877617 0.5140901771336553 0.10628019323671498 0.037037037037037035
0 0.3675523349436393 0.5100644122383253 0.09420289855072464 0.033816425120772944
0 0.6082930756843801 0.5205314009661836 0.071658615136876 0.05636070853462158
0 0.5668276972624798 0.5108695652173914 0.037037037037037035 0.027375201288244767
0 0.3965378421900161 0.5104669887278583 0.071658615136876 0.029790660225442835
1 0.538647342995169 0.49557165861513686 0.02254428341384863 0.024154589371980676
