0 0.1247987117552335 0.5744766505636071 0.249597423510467 0.12399355877616747
0 0.8808373590982287 0.5744766505636071 0.23671497584541062 0.15136876006441224
0 0.7234299516908212 0.5583735909822867 0.2069243156199678 0.1320450885668277
0 0.2669082125603865 0.5366344605475041 0.11030595813204509 0.06763285024154589
0 0.6006441223832528 0.5201288244766505 0.07729468599033816 0.050724637681159424
0 0.357085346215781 0.5185185185185185 0.06682769726247988 0.039452495974235106
0 0.572061191626409 0.5140901771336553 0.0571658615136876 0.03864734299516908
0 0.4061996779388084 0.5052334943639292 0.03140096618357488 0.024154589371980676
0 0.5475040257648953 0.5072463768115942 0.03864734299516908 0.02818035426731079
0 0.44524959742351045 0.4971819645732689 0.04186795491143317 0.014492753623188406
