0 0.6485507246376812 0.5398550724637681 0.1457326892109501 0.09822866344605476
0 0.09420289855072464 0.5402576489533011 0.18840579710144928 0.071658615136876
0 0.8747987117552335 0.5760869565217391 0.24879227053140096 0.14814814814814814
0 0.5933977455716586 0.5169082125603864 0.07568438003220612 0.05877616747181964
0 0.34299516908212563 0.5273752012882448 0.08373590982286634 0.05555555555555555
0 0.3788244766505636 0.5136876006441223 0.05877616747181964 0.04750402576489533
0 0.5551529790660226 0.5088566827697263 0.04750402576489533 0.03784219001610306
0 0.40942028985507245 0.5084541062801933 0.0426731078904992 0.037037037037037035
0 0.5495169082125604 0.5036231884057971 0.04428341384863124 0.028985507246376812
1 0.5370370370370371 0.48993558776167473 0.043478260869565216 0.04508856682769726
0 0.4396135265700483 0.499597423510467 0.01932367149758454 0.01288244766505636
