0 0.8325281803542673 0.5193236714975845 0.3333333333333333 0.11996779388083736
0 0.9838969404186796 0.48027375201288247 0.030595813204508857 0.03864734299516908
0 0.9633655394524959 0.4822866344605475 0.071658615136876 0.036231884057971016
0 0.3289049919484702 0.5205314009661836 0.07648953301127215 0.05475040257648953
0 0.4005636070853462 0.5177133655394525 0.07809983896940419 0.0571658615136876
0 0.7024959742351047 0.4859098228663446 0.11191626409017713 0.04186795491143317
0 0.7922705314009661 0.48188405797101447 0.05636070853462158 0.028985507246376812
1 0.8900966183574879 0.4750402576489533 0.06682769726247988 0.03462157809983897
0 0.8264895330112721 0.48188405797101447 0.061996779388083734 0.027375201288244767
0 0.3635265700483092 0.5128824476650563 0.06038647342995169 0.039452495974235106
0 0.5422705314009661 0.49838969404186795 0.03462157809983897 0.0249597423510467
0 0.49315619967793883 0.499194847020934 0.0249597423510467 0.020128824476650563
0 0.4553140096618358 0.49114331723027377 0.026570048309178744 0.012077294685990338
