0 0.8812399355877617 0.5644122383252818 0.2359098228663446 0.17149758454106281
0 0.39855072463768115 0.5161030595813204 0.05475040257648953 0.036231884057971016
0 0.7391304347826086 0.5571658615136876 0.18357487922705315 0.10547504025764895
0 0.6485507246376812 0.5273752012882448 0.09742351046698873 0.06682769726247988
0 0.6111111111111112 0.5189210950080515 0.061191626409017714 0.04508856682769726
0 0.4214975845410628 0.5108695652173914 0.04428341384863124 0.028985507246376812
0 0.5905797101449275 0.5124798711755234 0.04750402576489533 0.03542673107890499
0 0.4351851851851852 0.5088566827697263 0.036231884057971016 0.023349436392914653
0 0.5760869565217391 0.5088566827697263 0.03784219001610306 0.029790660225442835
0 0.46578099838969406 0.5028180354267311 0.021739130434782608 0.01610305958132045
