0 0.4673913043478261 0.5072463768115942 0.03784219001610306 0.03140096618357488
0 0.05555555555555555 0.5700483091787439 0.1111111111111111 0.13446054750402575
0 0.2580515297906602 0.5809178743961353 0.24879227053140096 0.13848631239935588
0 0.3643317230273752 0.539049919484702 0.11835748792270531 0.0853462157809984
0 0.2785829307568438 0.5205314009661836 0.13043478260869565 0.057971014492753624
0 0.34500805152979064 0.5076489533011272 0.08454106280193237 0.030595813204508857
0 0.3896940418679549 0.501610305958132 0.05958132045088567 0.021739130434782608
1 0.4110305958132045 0.49516908212560384 0.04911433172302738 0.023349436392914653
2 0.7717391304347826 0.499597423510467 0.3824476650563607 0.30112721417069244
0 0.5511272141706924 0.5112721417069244 0.05394524959742351 0.0426731078904992
0 0.5269726247987118 0.5036231884057971 0.036231884057971016 0.027375201288244767
2 0.5140901771336553 0.4834943639291465 0.04428341384863124 0.05475040257648953
0 0.16304347826086957 0.5096618357487923 0.08293075684380032 0.033011272141706925
0 0.463768115942029 0.500805152979066 0.027375201288244767 0.0249597423510467
