0 0.12842190016103058 0.5668276972624798 0.25684380032206117 0.16666666666666666
0 0.8341384863123994 0.5736714975845411 0.33011272141706927 0.1529790660225443
0 0.4782608695652174 0.5217391304347826 0.10305958132045089 0.061996779388083734
0 0.7081320450885669 0.5438808373590982 0.11835748792270531 0.0966183574879227
0 0.6940418679549114 0.5213365539452496 0.08373590982286634 0.06763285024154589
0 0.9528985507246377 0.48752012882447665 0.09259259259259259 0.05475040257648953
1 0.893317230273752 0.4867149758454106 0.11996779388083736 0.05958132045088567
1 0.8079710144927537 0.4927536231884058 0.10225442834138486 0.05233494363929147
0 0.5273752012882448 0.501207729468599 0.04669887278582931 0.030595813204508857
0 0.6537842190016103 0.501207729468599 0.033816425120772944 0.027375201288244767
0 0.5559581320450886 0.49476650563607083 0.033011272141706925 0.02254428341384863
2 0.6300322061191627 0.47906602254428343 0.036231884057971016 0.03462157809983897
