0 0.12439613526570048 0.570450885668277 0.2246376811594203 0.11755233494363929
0 0.3522544283413849 0.538244766505636 0.09742351046698873 0.07085346215780998
0 0.24074074074074073 0.5454911433172303 0.13043478260869565 0.07568438003220612
5 0.678743961352657 0.53341384863124 0.09500805152979067 0.08051529790660225
0 0.9488727858293076 0.5128824476650563 0.10064412238325282 0.08293075684380032
5 0.7101449275362319 0.5394524959742351 0.10466988727858294 0.09420289855072464
0 0.4190821256038647 0.5148953301127214 0.04106280193236715 0.03542673107890499
0 0.44565217391304346 0.5048309178743962 0.018518518518518517 0.016908212560386472
1 0.45410628019323673 0.4971819645732689 0.01610305958132045 0.01932367149758454
0 0.5458937198067633 0.5080515297906603 0.07407407407407407 0.029790660225442835
0 0.5197262479871175 0.5024154589371981 0.050724637681159424 0.021739130434782608
1 0.39492753623188404 0.5173107890499195 0.06521739130434782 0.057971014492753624
