0 0.5285829307568438 0.5088566827697263 0.03462157809983897 0.0249597423510467
0 0.3534621578099839 0.5116747181964574 0.09822866344605476 0.03542673107890499
0 0.29106280193236717 0.5221417069243156 0.13446054750402575 0.0499194847020934
0 0.6630434782608695 0.5189210950080515 0.13123993558776167 0.04830917874396135
0 0.21457326892109502 0.5257648953301127 0.20209339774557167 0.07971014492753623
0 0.17310789049919484 0.5394524959742351 0.2576489533011272 0.08454106280193237
0 0.13365539452495975 0.5559581320450886 0.2673107890499195 0.10628019323671498
0 0.07890499194847021 0.573268921095008 0.15780998389694043 0.14251207729468598
0 0.8719806763285024 0.5483091787439613 0.25442834138486314 0.10547504025764895
0 0.9114331723027376 0.5700483091787439 0.17552334943639292 0.13123993558776167
