0 0.5044283413848631 0.5189210950080515 0.050724637681159424 0.04186795491143317
0 0.11151368760064412 0.573268921095008 0.22302737520128824 0.1537842190016103
0 0.22061191626409019 0.5571658615136876 0.23510466988727857 0.11030595813204509
0 0.3526570048309179 0.5225442834138486 0.11272141706924316 0.05877616747181964
0 0.36231884057971014 0.5197262479871175 0.09178743961352658 0.04669887278582931
0 0.41626409017713367 0.5076489533011272 0.07246376811594203 0.028985507246376812
1 0.4613526570048309 0.4919484702093398 0.043478260869565216 0.021739130434782608
0 0.7053140096618358 0.5507246376811594 0.15458937198067632 0.08776167471819646
0 0.6243961352657005 0.5217391304347826 0.08454106280193237 0.05877616747181964
0 0.5676328502415459 0.5060386473429952 0.03864734299516908 0.030595813204508857
0 0.501610305958132 0.5052334943639292 0.030595813204508857 0.027375201288244767
0 0.10869565217391304 0.5092592592592593 0.12238325281803543 0.043478260869565216
1 0.6855877616747182 0.499194847020934 0.08132045088566828 0.03140096618357488
