0 0.5193236714975845 0.5305958132045089 0.07407407407407407 0.07004830917874397
0 0.6384863123993558 0.5152979066022544 0.10789049919484701 0.050724637681159424
0 0.5869565217391305 0.5092592592592593 0.06280193236714976 0.030595813204508857
0 0.5668276972624798 0.5064412238325282 0.05636070853462158 0.023349436392914653
0 0.07246376811594203 0.5736714975845411 0.14492753623188406 0.12077294685990338
0 0.07367149758454106 0.5466988727858293 0.1473429951690821 0.07004830917874397
0 0.4037842190016103 0.5088566827697263 0.036231884057971016 0.0249597423510467
0 0.4553140096618358 0.5028180354267311 0.0249597423510467 0.017713365539452495
0 0.4826892109500805 0.5 0.016908212560386472 0.013687600644122383
0 0.2995169082125604 0.5161030595813204 0.0644122383252818 0.03140096618357488
0 0.33413848631239934 0.5100644122383253 0.043478260869565216 0.030595813204508857
0 0.3788244766505636 0.5064412238325282 0.036231884057971016 0.020128824476650563
0 0.4247181964573269 0.5036231884057971 0.033011272141706925 0.014492753623188406
0 0.1996779388083736 0.5152979066022544 0.06763285024154589 0.03140096618357488
0 0.18840579710144928 0.5100644122383253 0.07246376811594203 0.024154589371980676
