0 0.06521739130434782 0.5744766505636071 0.13043478260869565 0.15136876006441224
0 0.13003220611916264 0.5394524959742351 0.2536231884057971 0.09420289855072464
0 0.18840579710144928 0.5193236714975845 0.22061191626409019 0.09420289855072464
5 0.40700483091787437 0.5120772946859904 0.020128824476650563 0.0426731078904992
0 0.8909017713365539 0.5632045088566827 0.21658615136876005 0.13043478260869565
0 0.8349436392914654 0.5462962962962963 0.214170692431562 0.0966183574879227
0 0.7640901771336553 0.535024154589372 0.21900161030595813 0.08051529790660225
0 0.7049114331723028 0.5269726247987118 0.18276972624798712 0.05958132045088567
0 0.6799516908212561 0.5169082125603864 0.14251207729468598 0.061996779388083734
0 0.32326892109500804 0.5128824476650563 0.11352657004830918 0.036231884057971016
0 0.3474235104669887 0.5100644122383253 0.09420289855072464 0.0322061191626409
0 0.5273752012882448 0.5072463768115942 0.03864734299516908 0.02818035426731079
0 0.5096618357487923 0.500402576489533 0.02254428341384863 0.01932367149758454
1 0.4927536231884058 0.4919484702093398 0.01288244766505636 0.015297906602254429
