0 0.4963768115942029 0.5064412238325282 0.03462157809983897 0.033011272141706925
0 0.8872785829307569 0.5664251207729468 0.22383252818035426 0.16747181964573268
0 0.7391304347826086 0.5434782608695652 0.1932367149758454 0.10547504025764895
0 0.6674718196457327 0.5249597423510467 0.14653784219001612 0.08132045088566828
0 0.6400966183574879 0.5173107890499195 0.1288244766505636 0.057971014492753624
0 0.6151368760064412 0.5096618357487923 0.10950080515297907 0.050724637681159424
0 0.5897745571658615 0.5052334943639292 0.08293075684380032 0.0322061191626409
0 0.4138486312399356 0.5028180354267311 0.024154589371980676 0.017713365539452495
0 0.5615942028985508 0.5 0.06038647342995169 0.023349436392914653
0 0.5450885668276972 0.49838969404186795 0.0499194847020934 0.018518518518518517
1 0.534621578099839 0.4939613526570048 0.04186795491143317 0.01932367149758454
0 0.394524959742351 0.4975845410628019 0.02254428341384863 0.015297906602254429
0 0.37278582930756843 0.4971819645732689 0.014492753623188406 0.011272141706924315
