0 0.07085346215780998 0.5873590982286635 0.14170692431561996 0.12560386473429952
0 0.9210950080515298 0.5221417069243156 0.15619967793880837 0.10305958132045089
0 0.24033816425120774 0.5446859903381642 0.15056360708534622 0.07568438003220612
0 0.7612721417069244 0.5676328502415459 0.250402576489533 0.14412238325281804
0 0.6388888888888888 0.5309983896940419 0.11191626409017713 0.08051529790660225
0 0.32004830917874394 0.5273752012882448 0.07648953301127215 0.050724637681159424
0 0.5797101449275363 0.5136876006441223 0.057971014492753624 0.039452495974235106
0 0.3776167471819646 0.5152979066022544 0.05314009661835749 0.033011272141706925
0 0.5591787439613527 0.5108695652173914 0.04750402576489533 0.0322061191626409
0 0.41545893719806765 0.5056360708534622 0.027375201288244767 0.021739130434782608
0 0.5398550724637681 0.5052334943639292 0.033011272141706925 0.024154589371980676
0 0.46497584541062803 0.4963768115942029 0.03462157809983897 0.01288244766505636
