0 0.1143317230273752 0.5885668276972624 0.2286634460547504 0.12318840579710146
0 0.5519323671497585 0.5120772946859904 0.04750402576489533 0.03784219001610306
0 0.2749597423510467 0.5551529790660226 0.1537842190016103 0.09500805152979067
0 0.7419484702093397 0.5068438003220612 0.16344605475040258 0.04830917874396135
0 0.7061191626409018 0.49798711755233493 0.1320450885668277 0.05314009661835749
0 0.3663446054750403 0.5132850241545893 0.04669887278582931 0.033816425120772944
0 0.2966988727858293 0.5285829307568438 0.08293075684380032 0.0499194847020934
0 0.6541867954911433 0.500402576489533 0.09903381642512077 0.03542673107890499
0 0.39855072463768115 0.5092592592592593 0.0322061191626409 0.02254428341384863
1 0.9404186795491143 0.48027375201288247 0.11755233494363929 0.04508856682769726
