0 0.8305152979066023 0.5801127214170693 0.33735909822866345 0.14009661835748793
0 0.0499194847020934 0.5813204508856683 0.0998389694041868 0.13768115942028986
0 0.10466988727858294 0.5599838969404187 0.20933977455716588 0.11594202898550725
0 0.13446054750402575 0.5434782608695652 0.249597423510467 0.08776167471819646
0 0.20169082125603865 0.5293880837359098 0.19082125603864733 0.07568438003220612
0 0.6002415458937198 0.5273752012882448 0.09903381642512077 0.06360708534621579
0 0.3111916264090177 0.5217391304347826 0.14251207729468598 0.04750402576489533
0 0.5603864734299517 0.5104669887278583 0.05152979066022544 0.033011272141706925
0 0.3168276972624799 0.5148953301127214 0.10869565217391304 0.043478260869565216
0 0.3353462157809984 0.5076489533011272 0.08776167471819646 0.043478260869565216
0 0.5314009661835749 0.49879227053140096 0.027375201288244767 0.024154589371980676
