0 0.0861513687600644 0.5636070853462157 0.1723027375201288 0.13123993558776167
0 0.16022544283413848 0.535426731078905 0.2286634460547504 0.0861513687600644
0 0.20893719806763286 0.5169082125603864 0.2037037037037037 0.08776167471819646
5 0.41223832528180354 0.5124798711755234 0.017713365539452495 0.040257648953301126
0 0.9400161030595813 0.5760869565217391 0.11835748792270531 0.14814814814814814
0 0.8756038647342995 0.5543478260869565 0.2471819645732689 0.1143317230273752
0 0.8067632850241546 0.5398550724637681 0.1932367149758454 0.08695652173913043
0 0.7447665056360708 0.5318035426731079 0.20128824476650564 0.07407407407407407
0 0.6932367149758454 0.5249597423510467 0.1706924315619968 0.05555555555555555
0 0.6706924315619968 0.5152979066022544 0.13526570048309178 0.05877616747181964
0 0.33132045088566825 0.5116747181964574 0.10869565217391304 0.03542673107890499
0 0.3530595813204509 0.5092592592592593 0.09098228663446055 0.0322061191626409
0 0.5269726247987118 0.5072463768115942 0.03784219001610306 0.02818035426731079
0 0.5096618357487923 0.5 0.02254428341384863 0.018518518518518517
1 0.49355877616747185 0.4919484702093398 0.01288244766505636 0.015297906602254429
