0 0.09621578099838969 0.5406602254428341 0.19243156199677938 0.0821256038647343
0 0.16586151368760063 0.5265700483091788 0.16747181964573268 0.06360708534621579
0 0.21014492753623187 0.5233494363929146 0.15136876006441224 0.050724637681159424
0 0.2528180354267311 0.5144927536231884 0.1320450885668277 0.050724637681159424
0 0.28703703703703703 0.5152979066022544 0.10225442834138486 0.039452495974235106
0 0.30475040257648955 0.5104669887278583 0.08776167471819646 0.03140096618357488
0 0.321658615136876 0.5100644122383253 0.07004830917874397 0.0322061191626409
0 0.34500805152979064 0.5092592592592593 0.071658615136876 0.02576489533011272
0 0.35668276972624796 0.5028180354267311 0.06280193236714976 0.027375201288244767
0 0.37077294685990336 0.5048309178743962 0.061996779388083734 0.0249597423510467
0 0.3812399355877617 0.5032206119162641 0.0571658615136876 0.021739130434782608
