0 0.5036231884057971 0.5181159420289855 0.05394524959742351 0.0499194847020934
0 0.6815619967793881 0.5269726247987118 0.1280193236714976 0.07407407407407407
0 0.6123188405797102 0.5132850241545893 0.09903381642512077 0.043478260869565216
0 0.30998389694041867 0.5205314009661836 0.08856682769726248 0.0499194847020934
0 0.06964573268921095 0.5450885668276972 0.1392914653784219 0.07809983896940419
0 0.17834138486312398 0.5229468599033816 0.10869565217391304 0.05958132045088567
0 0.41626409017713367 0.5048309178743962 0.043478260869565216 0.023349436392914653
0 0.4834943639291465 0.49516908212560384 0.021739130434782608 0.016908212560386472
0 0.2999194847020934 0.5104669887278583 0.06682769726247988 0.033011272141706925
0 0.38405797101449274 0.5056360708534622 0.04669887278582931 0.020128824476650563
0 0.535024154589372 0.49597423510466987 0.020128824476650563 0.013687600644122383
0 0.20974235104669886 0.5120772946859904 0.08132045088566828 0.03140096618357488
