1 0.40217391304347827 0.5 0.02818035426731079 0.029790660225442835
5 0.4428341384863124 0.5257648953301127 0.043478260869565216 0.08132045088566828
0 0.9363929146537843 0.5696457326892109 0.12560386473429952 0.1610305958132045
0 0.6803542673107891 0.5676328502415459 0.24476650563607086 0.14412238325281804
0 0.1107085346215781 0.5648148148148148 0.2214170692431562 0.1143317230273752
1 0.21537842190016104 0.535024154589372 0.11996779388083736 0.07890499194847021
0 0.5374396135265701 0.5225442834138486 0.09742351046698873 0.071658615136876
0 0.4967793880837359 0.5165056360708534 0.07246376811594203 0.0499194847020934
0 0.2644927536231884 0.5273752012882448 0.06682769726247988 0.04750402576489533
0 0.28703703703703703 0.5181159420289855 0.04911433172302738 0.03542673107890499
0 0.4690016103059581 0.5116747181964574 0.04589371980676329 0.033816425120772944
