0 0.07769726247987117 0.5692431561996779 0.15539452495974235 0.16183574879227053
0 0.13003220611916264 0.5418679549114331 0.26006441223832527 0.11835748792270531
0 0.1473429951690821 0.5297906602254429 0.20933977455716588 0.0861513687600644
0 0.22584541062801933 0.532608695652174 0.1859903381642512 0.06924315619967794
0 0.250402576489533 0.5152979066022544 0.17552334943639292 0.05877616747181964
0 0.30475040257648955 0.5084541062801933 0.1215780998389694 0.04830917874396135
0 0.322463768115942 0.5028180354267311 0.11996779388083736 0.05475040257648953
5 0.44363929146537845 0.500402576489533 0.011272141706924315 0.02576489533011272
0 0.7648953301127214 0.5789049919484702 0.2640901771336554 0.14251207729468598
0 0.8091787439613527 0.532608695652174 0.23993558776167473 0.09017713365539452
0 0.7463768115942029 0.5281803542673108 0.16908212560386474 0.06843800322061191
0 0.6980676328502415 0.5193236714975845 0.1320450885668277 0.05394524959742351
0 0.6755233494363929 0.5136876006441223 0.0998389694041868 0.04750402576489533
0 0.6501610305958132 0.5112721417069244 0.11674718196457327 0.04428341384863124
0 0.6276167471819646 0.5096618357487923 0.10869565217391304 0.036231884057971016
0 0.6203703703703703 0.5048309178743962 0.0893719806763285 0.039452495974235106
0 0.3776167471819646 0.500402576489533 0.07890499194847021 0.02576489533011272
0 0.392512077294686 0.500402576489533 0.06843800322061191 0.024154589371980676
0 0.5249597423510467 0.5 0.028985507246376812 0.021739130434782608
1 0.499597423510467 0.48711755233494364 0.012077294685990338 0.013687600644122383
